tle_data = """0 EXPLORER 11 00004U 58001  A 70090.03500497  .07718844 +00000-0 +00000-0 0  9991
2 00004 033.1468 334.6171 0024739 311.5310 048.3249 16.27546304584022
0 VANGUARD 1
1 00005U 58002B   26281.22071901  .00000358  00000-0  43524-3 0  9998
2 00005  34.2604 325.4646 1839127 288.1962  52.7615 10.86068691455570
0 SPUTNIK 3
1 00008U 58004  B 60095.16166626  .02607090 +00000-0 +00000-0 0  9993
2 00008 065.0599 163.5585 0088318 135.6760 224.6847 16.28328133100004
0 EXPLORER 4
1 00009U 58005  A 59275.28696823  .00892850 +00000-0 +00000-0 0  9991
2 00009 050.2549 082.4216 0254534 057.7226 303.5234 15.51612549060703
0 VANGUARD 2
1 00011U 59001A   26282.29664429  .00000337  00000-0  17163-3 0  9993
2 00011  32.8723  13.1450 1445000 346.4499  10.0907 11.90678251549078
0 EXPLORER 6
1 00015U 59004  A 59272.62543869  .00008106 +00000-0 +00000-0 0  9997
2 00015 046.9509 049.6823 7601812 047.2577 341.8928 01.88913924001001
0 DISCOVERER 5
1 00018U 59005  A 59269.32477950  .04655228 +00000-0 +00000-0 0  9998
2 00018 079.9899 251.4819 0140209 012.7649 347.4143 16.16111033006800
0 DISCOVERER 6
1 00019U 59006  A 59278.50940704  .01114833 +00000-0 +00000-0 0  9991
2 00019 083.9999 286.5094 0222212 326.3932 034.3056 15.83731828007208
0 VANGUARD 3
1 00020U 59007A   26282.22617710  .00000733  00000-0  28499-3 0  9997
2 00020  33.3500 216.2931 1636070 305.0132  40.7412 11.62054077497886
0 EXPLORER 7
1 00022U 59009A   26282.24001830  .00008069  00000-0  25420-3 0  9994
2 00022  50.2414 255.0822 0073171 225.9820 133.5097 15.31224691817810
0 DISCOVERER 7
1 00024U 59010  A 59324.76896999  .03159051 +00000-0 +00000-0 0  9991
2 00024 081.6399 044.7879 0281000 119.5599 241.8752 15.73099002002000
0 DISCOVERER 8
1 00025U 59011  A 60067.96672797  .09310919 +00000-0 +00000-0 0  9997
2 00025 080.6499 290.2565 0094843 170.3363 189.7568 16.35855842015945
0 DISCOVERER 5 CAPSULE
1 00026U 59005  B 61041.29007435  .03920686 +00000-0 +00000-0 0  9993
2 00026 078.9399 321.1425 0103758 073.2921 287.2863 16.22923515052909
0 TIROS 1
1 00029U 60002B   26282.25228360  .00000305  00000-0  69787-4 0  9996
2 00029  48.3775 202.5054 0021897  39.1514 321.0979 14.78891235559014
0 TRANSIT 1B
1 00031U 60003  B 67275.67017494  .01669365 +00000-0 +00000-0 0  9994
2 00031 051.2007 317.7772 0014942 349.5805 010.4801 16.23394966418285
0 DISCOVERER 11
1 00032U 60004  A 60115.70328308  .04582881 +00000-0 +00000-0 0  9995
2 00032 080.0999 205.8192 0176930 121.6216 239.2608 16.05408684001401
0 SPUTNIK 4
1 00034U 60005  A 62247.41570340  .02051518 +00000-0 +00000-0 0  9995
2 00034 064.9604 254.3998 0000000 066.3194 286.6963 16.39651632131532
0 SPUTNIK 4 CABIN
1 00036U 60005  C 65282.77315291  .00738388 +17377-2 +00000-0 0  9992
2 00036 064.9598 314.3796 0027048 289.2310 070.4777 16.31478721308431
0 MIDAS 2
1 00043U 60006  A 74037.77776050  .00988543 +09018-2 +01753-4 0  9996
2 00043 033.0454 016.0357 0002584 233.4948 126.5498 16.39800644771946
0 TRANSIT 2A
1 00045U 60007A   26282.10393577  .00000104  00000-0  52050-4 0  9998
2 00045  66.6936  58.8976 0241086  75.5483 287.2237 14.36034478396406
0 SOLRAD 1 (GREB)
1 00046U 60007B   26281.95367813  .00000360  00000-0  85687-4 0  9991
2 00046  66.6868 278.0272 0198381 209.7787 149.1918 14.55007990473557
0 DISCOVERER 13
1 00048U 60008  A 60316.86378860  .00255821 +00000-0 +00000-0 0  9991
2 00048 082.8499 240.5639 0041854 221.9110 138.2461 16.10987363014500
0 ECHO 1
1 00049U 60009  A 68144.86617407  .41988289 +00000-0 +00000-0 0  9999
2 00049 047.1857 303.1560 0018299 276.1888 083.6866 15.53427992360298
0 DISCOVERER 14
1 00054U 60010  A 60260.63050842  .09000678 +00000-0 +00000-0 0  9998
2 00054 079.6499 291.9186 0000000 070.2736 289.7263 16.45439868004506
0 SPUTNIK 5
1 00055U 60011  A 60232.67329979  .00000000 +00000-0 +00000-0 0  9993
2 00055 064.8999 133.4774 0000029 074.8933 285.1068 15.88175450000050
0 DISCOVERER 15
1 00057U 60012  A 60290.54695000  .04696393 +00000-0 +00000-0 0  9997
2 00057 080.9000 350.4820 0137900 045.7500 314.8230 16.18451648005105
0 COURIER 1B
1 00058U 60013A   26282.29435834  .00000099  00000-0  25359-4 0  9997
2 00058  28.3272 280.7325 0164951  72.6875 289.1644 13.46433691249455
0 EXPLORER 8
1 00060U 60014A   12087.77141234  .11240700  12162-4  82585-3 0  9996
2 00060 049.8769 297.0017 0014319 253.4265 106.9983 16.39420536586174
0 DISCOVERER 17
1 00061U 60015  A 60364.02705382  .10955548 +00000-0 +00000-0 0  9992
2 00061 081.8599 016.2232 0045646 000.3782 359.6234 16.28773935007101
0 TIROS 2
1 00063U 60016A   14137.84158636  .05029428  11996-4  29744-3 0  9998
2 00063 048.4363 277.0735 0002693 070.9689 289.2672 16.41566560916315
0 SPUTNIK 6
1 00065U 60017  A 60336.92132948  .03564668 +00000-0 +00000-0 0  9999
2 00065 065.0000 216.0710 0035092 066.5949 293.5926 16.29251414000101
0 DISCOVERER 18
1 00067U 60018  A 61089.88313007  .02166348 +00000-0 +00000-0 0  9992
2 00067 081.4799 311.2902 0075215 087.1562 273.2815 16.16589761017703
0 DISCOVERER 19
1 00068U 60019  A 61019.69206429  .02230165 +00000-0 +00000-0 0  9994
2 00068 083.3999 075.4323 0097000 059.4404 301.0452 16.11424390004700
0 SAMOS 2
1 00070U 61001  A 73292.92472414  .01443247 +04320-2 +00000-0 0  9997
2 00070 097.2180 059.4674 0007333 251.3728 108.6719 16.34625053711865
0 SPUTNIK 7
1 00071U 61002  A 61047.49722528  .00429368 +00000-0 +00000-0 0  9996
2 00071 064.8999 143.3748 0088244 053.9095 306.5050 16.13209726002000
0 SPUTNIK 8
1 00077U 61003  C 61054.18649006  .02195001 +00000-0 +00000-0 0  9992
2 00077 065.0109 145.4230 0055625 017.7415 342.3569 16.25160317001807
0 EXPLORER 9
1 00081U 61004  A 64099.25942492  .10394656 +00000-0 +00000-0 0  9999
2 00081 038.8448 136.7337 0200872 038.1868 323.2614 15.48210031142271
0 DISCOVERER 20
1 00083U 61005  A 62206.70306200  .02507153 +25804-1 +00000-0 0  9990
2 00083 080.8319 224.1510 0000000 103.6165 238.9354 16.25710547080751
0 DISCOVERER 21
1 00084U 61006  A 62108.49162620  .00734000 +00000-0 +00000-0 0  9996
2 00084 080.6348 036.1968 0053808 166.7139 193.2084 16.12462598064396
0 TRANSIT 3B/LOFTI 1
1 00087U 61007  A 61089.39107037  .11557550 +00000-0 +00000-0 0  9992
2 00087 028.3799 144.5259 0068373 083.3360 277.0597 16.34729247005608
0 SPUTNIK 9
1 00091U 61008  A 61068.32560921  .00000000 +00000-0 +00000-0 0  9994
2 00091 064.9300 300.5999 0070000 095.0000 265.4066 16.39468422000015
0 SPUTNIK 10
1 00095U 61009  A 61084.30125903  .00304554 +00000-0 +00000-0 0  9993
2 00095 064.9999 305.7360 0000000 042.2018 317.7981 16.36297684000012
0 DISCOVERER 23
1 00100U 61011  A 62098.29790496  .00498777 +00000-0 +00000-0 0  9993
2 00100 082.2270 159.1991 0030504 264.6516 094.9985 16.09519096056721
0 DISCOVERER 23 CAPSULE
1 00102U 61011  B 62141.57070259  .02778262 +00000-0 +00000-0 0  9995
2 00102 081.8800 137.0465 0000000 256.3089 108.2152 16.31367068060601
0 EXPLORER 11
1 00107U 61013A   26282.27986381  .00001636  00000-0  18210-3 0  9994
2 00107  28.7767  18.3124 0491748 114.4632 250.8031 14.22541757292752
0 DISCOVERER 25
1 00108U 61014  A 61192.30841649  .03088518 +00000-0 +00000-0 0  9998
2 00108 082.1099 287.8945 0000000 083.7866 276.2133 16.32172046003909
0 TRANSIT 4A
1 00116U 61015A   26282.10958289 -.00000009  00000-0  51343-4 0  9993
2 00116  66.8108 332.0600 0077419 198.0506 161.7823 13.92347800312562
0 SOLRAD 3/INJUN 1
1 00117U 61015B   26281.90126598 -.00000029  00000-0  37873-4 0  9995
2 00117  66.8106  87.9076 0082073 221.9725 137.5046 13.90200461309861
0 DISCOVERER 26
1 00160U 61016  A 61336.56238410  .02296891 +00000-0 +00000-0 0  9996
2 00160 082.8851 198.0580 0064295 339.6908 020.4352 16.18235548022908
0 TIROS 3
1 00162U 61017A   26282.23667308 -.00000029  00000-0  38040-4 0  9990
2 00162  47.8985 210.1731 0043140  95.8950 264.6863 14.45424879408279
0 MIDAS 3
1 00163U 61018A   26282.27042621 -.00000011  00000-0 -42188-2 0  9999
2 00163  91.1341 210.1779 0102942  30.8572 329.8300  8.91839375124185
0 VOSTOK 2
1 00168U 61019  A 61218.85853340 -.00718067 +00000-0 +00000-0 0  9996
2 00168 064.8394 077.9109 0064437 079.6523 280.7169 16.28592179000104
0 EXPLORER 12
1 00170U 61020  A 62006.49823000  .00000000 +00000-0 +00000-0 0  9997
2 00170 033.8290 154.3199 8436000 179.3000 182.4383 00.90303905001300
0 RANGER 1
1 00173U 61021  A 94364.38400389  .00000009 +00000-0 +00000-0 0  9991
2 00173 069.9919 299.0055 0008069 186.1256 173.9728 13.73728473115186
0 EXPLORER 13
1 00180U 61022  A 61238.75937549  .00000000 +00000-0 +00000-0 0  9999
2 00180 036.4200 079.3906 0319912 275.1356 086.6609 14.93380756000151
0 DISCOVERER 29
1 00181U 61023  A 61249.14746499  .02933314 +00000-0 +00000-0 0  9993
2 00181 082.0800 337.4358 0268312 067.4059 294.0307 15.87064218001004
0 DISCOVERER 30
1 00182U 61024  A 61340.43538570  .01361516 +00000-0 +00000-0 0  9996
2 00182 082.6155 267.4048 0069272 180.1812 179.8199 16.14171846013353
0 DISCOVERER 31
1 00186U 61026  A 61288.16909210  .00739682 +00000-0 +00000-0 0  9998
2 00186 082.6773 347.8258 0071220 045.8928 314.4044 16.06555875004355
0 DISCOVERER 32
1 00189U 61027  A 61314.33559389  .01485754 +00000-0 +00000-0 0  9998
2 00189 081.6420 344.7453 0021139 060.1680 299.9387 16.20410913004400
0 MIDAS 4
1 00192U 61028A   26282.25927285 -.00000015  00000-0 -50967-2 0  9996
2 00192  95.8550 247.6119 0134394 215.8080 143.3702  8.67768138 58056
0 DISCOVERER 34
1 00197U 61029  A 62336.76253749  .01490875 +00000-0 +00000-0 0  9992
2 00197 082.4868 015.1658 0031533 216.6491 104.9474 16.17980445059856
0 DISCOVERER 35
1 00201U 61030  A 61334.16133040  .01188294 +00000-0 +00000-0 0  9991
2 00201 081.6300 063.4741 0000000 085.8378 274.1621 16.21192253002307
0 TRANSIT 4B
1 00202U 61031A   26282.09060352  .00000059  00000-0  46220-4 0  9992
2 00202  32.4360 151.7610 0100821 359.8336   0.2241 13.63799875236552
0 TRAAC
1 00205U 61031B   26282.24355534  .00000054  00000-0  39992-4 0  9994
2 00205  32.4412 308.1788 0101784 117.2024 243.9012 13.62579209234631
0 RANGER 2
1 00206U 61032  A 61323.30092509  .07604724 +00000-0 +00000-0 0  9993
2 00206 033.3419 328.8753 0015267 059.4155 300.6610 16.42425948000167
0 DISCOVERER 36
1 00213U 61034  A 62065.79506968  .01541153 +00000-0 +00000-0 0  9999
2 00213 081.1825 350.0683 0009827 189.6323 170.1457 16.27148165013310
0 OSCAR 1
1 00214U 61034  B 62029.12065150  .02930741 +00000-0 +00000-0 0  9996
2 00214 081.1405 036.8318 0000000 325.8600 034.1399 16.24799335007501
0 DISCOVERER 36 CAPSULE
1 00215U 61034  C 61352.02715520  .03901408 +00000-0 +00000-0 0  9996
2 00215 081.2100 091.2392 0068713 122.1360 238.2037 15.97558537000828
0 SAMOS 5
1 00217U 61035  A 62224.81690329  .02183794 +00000-0 +00000-0 0  9993
2 00217 089.6614 069.6393 0000000 306.0785 209.0990 16.34065792036103
0 TIROS 4
1 00226U 62002A   26282.23043840  .00000011  00000-0  49069-4 0  9998
2 00226  48.2952 214.4935 0076167   2.0387 358.0810 14.47224617384960
0 FTV 2301
1 00242U 62004  A 62062.69962201  .02752948 +00000-0 +00000-0 0  9998
2 00242 081.9441 126.2670 0038784 103.0179 193.4146 16.29138761001601
0 DISCOVERER 38
1 00247U 62005  A 62079.39761614  .02438401 +67248-0 +00000-0 0  9996
2 00247 082.2334 134.9045 0014349 073.2634 231.2295 16.30384274003307
0 OSO 1
1 00255U 62006  A 81281.45891398  .13376733 -72757-5 +28507-3 0  9995
2 00255 032.8099 205.8817 0000050 093.5650 268.1215 16.47262862082941
0 SAMOS 6
1 00256U 62007  A 63158.27739320  .03156211 +22753-1 +00000-0 0  9993
2 00256 090.8902 255.4874 0000000 048.0342 312.0028 16.44157148071385
0 COSMOS 1 (SPUTNIK 11)
1 00266U 62008  A 62141.87528190  .02135369 +00000-0 +00000-0 0  9993
2 00266 048.9855 317.5610 0119598 042.4543 141.8598 16.04632966010227
0 COSMOS 2 (SPUTNIK 12)
1 00269U 62009  A 63229.96168589  .02320186 +00000-0 +00000-0 0  9990
2 00269 048.8589 171.1884 0056512 050.1316 310.3546 16.29526092074089
0 MIDAS 5 (STRONGBACK)
1 00271U 62010A   26282.02885272  .00000001  00000-0 -49920-3 0  9992
2 00271  86.6514 299.3117 0326976 249.7629 106.7840  9.41308670216380
0 FTV 1154
1 00276U 62011  A 62142.71547270  .03426992 +00000-0 +00000-0 0  9998
2 00276 073.5580 207.2731 0000362 063.4595 231.9827 16.34562408005523
0 COSMOS 3 (SPUTNIK 13)
1 00281U 62013  A 62286.69018669  .01346258 +57778-1 +00000-0 0  9996
2 00281 048.9525 018.5667 0045683 187.6986 080.4247 16.18663306026957
0 ARIEL 1 (UK-1)
1 00285U 62015  A 76144.99603793  .03716849 +00000-0 +00000-0 0  9995
2 00285 053.7584 107.0630 0004322 173.6423 186.4641 16.31702762759874
0 FTV 1125
1 00290U 62017  A 62137.57536680  .01050224 +00000-0 +00000-0 0  9990
2 00290 073.0672 250.4794 0140459 094.4287 152.6671 16.02492180002953
0 FTV 1126
1 00292U 62018  A 63328.80404067  .01756719 +00000-0 +00000-0 0  9997
2 00292 082.2905 353.2150 0010617 234.2895 125.6167 16.26864878086859
0 COSMOS 5 (SPUTNIK 15)
1 00297U 62020  A 63121.29008793  .03537089 +00000-0 +00000-0 0  9994
2 00297 048.9589 079.3998 0096415 071.2055 289.8379 16.24541103049953
0 FTV 1128
1 00302U 62021  A 62161.96112889  .05304320 +42152-1 +00000-0 0  9998
2 00302 074.1042 289.8892 0000000 147.7632 084.3086 16.38215711001938
0 FTV 1127
1 00304U 62022  A 62176.43432350  .01374813 +00000-0 +00000-0 0  9992
2 00304 074.2542 274.4834 0040969 074.5950 187.3557 16.21154449003751
0 OSCAR 2
1 00305U 62022  B 62169.78192530  .02385371 +00000-0 +00000-0 0  9998
2 00305 074.2700 290.4607 0138170 091.8937 147.4274 16.27003507002704
0 SAMOS 8 (FTV 2402)
1 00307U 62023  A 62168.98429790  .07543107 +00000-0 +00000-0 0  9991
2 00307 096.3000 235.9120 0000000 165.2642 239.6321 16.27436702000046
0 FTV 2312
1 00308U 62024  A 63302.40632081  .04339719 +00000-0 +00000-0 0  9999
2 00308 082.1503 075.1545 0007420 002.8931 357.2004 16.40149082078310
0 TIROS 5
1 00309U 62025A   26282.17222084  .00000297  00000-0  81733-4 0  9997
2 00309  58.0881 160.6807 0188226  64.2137 297.8181 14.60752854398482
0 FTV 1129
1 00315U 62026  A 62186.95370830  .04157415 +63378-1 +00000-0 0  9998
2 00315 075.0871 319.8535 0000000 115.1621 111.9379 16.31887199002095
0 FTV 1151
1 00316U 62027  A 62256.32940549  .06788913 +00000-0 +00000-0 0  9996
2 00316 076.0141 209.9217 0000000 287.2908 119.1167 16.41201226012124
0 COSMOS 6 (SPUTNIK 16)
1 00338U 62028  A 62250.63159910  .01804539 +00000-0 +00000-0 0  9991
2 00338 048.9472 075.7001 0000000 065.4274 109.5039 16.31213166011052
0 TELSTAR 1
1 00340U 62029A   26281.58395791 -.00000019  00000-0  14513-3 0  9990
2 00340  44.7917 109.0157 2425570   7.6605  20.3628  9.12893513142811
0 SAMOS 9 (FTV 2403)
1 00343U 62030  B 62204.71510620  .02065364 +12419-1 +00000-0 0  9991
2 00343 096.1120 309.9028 0039477 211.5811 303.0367 16.31237195000797
0 FTV 1130
1 00344U 62031  A 62226.30574230  .05058448 +00000-0 +00000-0 0  9999
2 00344 070.2895 315.5727 0000000 119.5940 151.1389 16.44108128003908
0 FTV 1131
1 00345U 62032  A 62235.56875510  .05060203 +00000-0 +00000-0 0  9996
2 00345 071.0870 312.3753 0001686 104.7713 178.4220 16.31316547004257
0 COSMOS 7 (SPUTNIK 17)
1 00346U 62033  A 62211.32173179  .00134612 +00000-0 +00000-0 0  9999
2 00346 064.9536 113.9528 0114013 048.0896 312.8771 15.99241543000318
0 FTV 1152
1 00360U 62034  A 62236.82980040  .02888713 +16839-1 +00000-0 0  9999
2 00360 082.2456 353.9472 0015843 070.8433 172.0392 16.25584046003656
0 SAMOS 10 (FTV 2404)
1 00361U 62035  A 62217.97373920  .02150073 +00000-0 +00000-0 0  9992
2 00361 096.3000 281.7531 0000006 163.6338 336.0930 16.26151854000040
0 VOSTOK 3
1 00363U 62036  A 62226.04441590  .00777458 +00000-0 +00000-0 0  9992
2 00363 064.9574 112.3949 0031811 091.5844 268.7947 16.34937053000445
0 VOSTOK 4
1 00365U 62037  A 62226.04669118  .00573069 +00000-0 +00000-0 0  9995
2 00365 064.9972 110.2319 0035705 089.4962 270.9128 16.32289505000288
0 COSMOS 8 (SPUTNIK 18)
1 00367U 62038  A 63228.01187180  .01650033 +00000-0 +00000-0 0  9990
2 00367 048.9173 177.3722 0015351 052.3843 307.7549 16.35614511057144
0 FTV 3502
1 00369U 62039A   26282.19616863  .00001239  00000-0  11990-3 0  9996
2 00369  98.4554  14.9286 0079499 115.9710 244.9724 14.92557283432611
0 SPUTNIK 19
1 00371U 62040  A 62240.06347260  .11262576 +24371-8 +00000-0 0  9990
2 00371 064.8558 041.6295 0000000 080.5880 117.8459 16.45627614000484
0 FTV 1153
1 00377U 62042  A 62252.84866569  .05036660 +00000-0 +00000-0 0  9996
2 00377 065.2138 026.9610 0005697 187.1209 038.7665 16.38273203001903
0 SPUTNIK 20
1 00381U 62043  A 62245.81714171  .01664437 +00000-0 +00000-0 0  9997
2 00381 064.7973 042.0415 0046255 065.8486 294.6344 16.21304137000285
0 FTV 1132
1 00385U 62044  A 64295.86020419  .01222129 +00000-0 +00000-0 0  9997
2 00385 082.7935 291.9571 0025806 153.7208 206.4111 16.20190675121368
0 FTV 1133/ERS 2
1 00396U 62046  A 62321.98636718  .06584292 +99294-1 +00000-0 0  9998
2 00396 081.8254 347.5833 0000000 295.9940 038.4089 16.35229406009604
0 TIROS 6
1 00397U 62047A   26282.24921240  .00000688  00000-0  80781-4 0  9992
2 00397  58.3023 184.2590 0007630  28.1820 331.9640 14.96253651429393
0 COSMOS 9
1 00422U 62048  A 62272.79657078  .00071568 +00000-0 +00000-0 0  9993
2 00422 064.9860 178.0402 0031527 031.6209 328.5680 15.84223060000388
0 ALOUETTE 1 (S-27)
1 00424U 62049A   26281.71046313  .00000084  00000-0  86023-4 0  9990
2 00424  80.4661 144.0621 0022589 305.5879  54.3161 13.69605333196654
0 FTV 1154
1 00427U 62050  A 62283.57442969  .02251613 +00000-0 +00000-0 0  9993
2 00427 065.3991 041.7553 0047191 166.3918 075.4271 16.16668271001707
0 EXPLORER 14 (SERB 53A)
1 00432U 62051  A 65106.86109634  .00000000 +00000-0 +00000-0 0  9998
2 00432 033.6000 212.2097 8681490 141.0172 333.9797 00.66732046001228
0 MERCURY ATLAS 8
1 00433U 62052  A 62276.56409039  .02123437 +00000-0 +00000-0 0  9996
2 00433 032.5500 058.6365 0098501 074.3803 143.5476 16.19408693000016
0 FTV 1134
1 00436U 62053  A 62318.62071490  .02794857 +19224-1 +00000-0 0  9999
2 00436 081.9616 320.0514 0000000 285.8051 072.7640 16.30544394005730
0 COSMOS 10
1 00437U 62054  A 62290.80790496  .00150238 +00000-0 +00000-0 0  9992
2 00437 064.9989 194.7042 0129023 042.6433 318.3511 15.97019779000071
0 COSMOS 11
1 00441U 62056  A 64138.82206554  .05585005 +00000-0 +00000-0 0  9990
2 00441 048.9264 342.2258 0006306 213.3021 146.6222 16.41327662088677
0 SPUTNIK 22
1 00443U 62057  A 62297.80327270  .01124103 +00000-0 +00000-0 0  9998
2 00443 065.1128 336.4972 0044520 092.2650 229.0409 16.15589719000018
0 STARAD (FTV 1401)
1 00444U 62058  A 67275.72914309  .04051752 +00000-0 +00000-0 0  9999
2 00444 071.2086 313.1571 0180665 356.9935 003.0064 15.98894888207634
0 EXPLORER 15 (SERB 53B)
1 00445U 62059  A 65295.78699703  .00001558 +00000-0 +00000-0 0  9990
2 00445 018.0402 259.6239 5606421 254.7222 039.4907 04.62410654050216
0 ANNA 1B
1 00446U 62060A   26282.13445478 -.00000104  00000-0  43821-4 0  9992
2 00446  50.1420 303.3051 0070157 353.6838  49.1680 13.35366859118938
0 SPUTNIK 24
1 00451U 62062  A 62309.07273539  .11424110 +00000-0 +00000-0 0  9996
2 00451 064.8500 311.2631 0000000 039.8066 318.0029 16.38133527000073
0 FTV 1136
1 00453U 62063  A 62333.18160462  .01124982 +00000-0 +00000-0 0  9991
2 00453 074.9671 035.0108 0058880 106.4835 254.1677 16.19428449003723
0 FTV 1135
1 00481U 62065  A 62346.67265460  .02290985 +79930-0 +00000-0 0  9992
2 00481 065.1322 046.5735 0000000 146.1020 213.9109 16.29993369002866
0 FTV 1155
1 00490U 62066  A 62340.97067068  .03430281 +00000-0 +00000-0 0  9992
2 00490 065.1898 106.0837 0105453 222.6144 136.5626 16.29761534000346
0 BLACK SPHERE
1 00502U 62067  A 67038.69547421  .03079034 +00000-0 +00000-0 0  9996
2 00502 070.2282 053.0321 0074848 342.3153 017.5349 16.19753740204666
0 RELAY 1 (A-15)
1 00503U 62068A   26281.98425347 -.00000024  00000-0  00000-0 0  9998
2 00503  47.5026 279.8826 2834311 356.3250  14.4865  7.78170448814346
0 INJUN 3
1 00504U 62067  B 68237.98186891  .06182616 +00000-0 +00000-0 0  9996
2 00504 070.2141 090.6538 0018907 043.7589 316.5020 16.37295104277728
0 FTV 1156
1 00505U 62069  A 63004.49688857  .01112736 +00000-0 +00000-0 0  9992
2 00505 070.9488 060.4127 0072971 121.5443 239.2133 16.17767362003309
0 EXPLORER 16
1 00506U 62070A   26282.24894821 -.00000048  00000-0  61671-4 0  9992
2 00506  52.0055 353.6064 0275064 280.4743  76.5297 13.85806726224571
0 SURCAL 1
1 00507U 62067  C 63178.55723138  .02691540 +00000-0 +00000-0 0  9999
2 00507 070.2386 169.1259 0209551 250.2241 107.5094 15.78769845026915
0 SURCAL 1A
1 00508U 62067  D 66017.56372585  .10112486 +1146701 +00000-0 0  9997
2 00508 070.2364 054.6811 0068047 086.2438 274.5412 16.24055631154185
0 TRANSIT 5A
1 00509U 62071A   86267.45361516  .06528035 -33192-5 +19411-2 0  9991
2 00509 090.5517 138.3899 0005024 218.8540 142.9120 16.27198475280664
0 CALSPHERE 1A
1 00513U 62067  E 67036.05141596  .05692993 +00000-0 +00000-0 0  9996
2 00513 070.1559 047.4485 0043492 351.4613 008.5750 16.31733914204510
0 COSMOS 12
1 00517U 62072  A 62358.20781538  .00094634 +00000-0 +00000-0 0  9994
2 00517 064.9246 260.8351 0140858 052.4078 308.8629 15.93082321000294
0 SPUTNIK 25
1 00521U 63001  A 63004.78896185  .10773579 +00000-0 +00000-0 0  9992
2 00521 064.6344 269.9540 0000000 021.8112 338.1901 16.45116415000073
0 FTV 1157
1 00525U 63002  A 63021.40465330  .02365339 +37140-8 +00000-0 0  9994
2 00525 082.1863 114.3740 0069924 126.0046 234.7327 16.23369720002178
0 FTV 2313
1 00527U 63003  A 69008.53073370  .03844437 +00000-0 +00000-0 0  9990
2 00527 081.8773 280.3308 0000000 000.0000 000.1170 16.32827153334540
0 FTV 0240
1 00533U 63005  A 79360.63131067  .10182025 +22243-4 +18210-3 0  9998
2 00533 100.4109 007.8304 0011428 216.9957 143.0545 16.40128746919319
0 SYNCOM 1
1 00553U 63004A   26281.92729503 -.00000150  00000-0  00000-0 0  9999
2 00553  26.4741 270.3511 0808679 205.1962 150.5537  1.16484275 37386
0 COSMOS 13
1 00554U 63006  A 63086.70466208  .00105013 +00000-0 +00000-0 0  9995
2 00554 064.9064 318.1095 0094808 034.2119 326.3953 16.06111361001021
0 FTV 1660
1 00562U 63007  A 63113.82044410  .03428059 +73146-0 +00000-0 0  9998
2 00562 075.4032 197.9436 0029107 087.7721 272.6064 16.22862981003506
0 EXPLORER 17 (S-6)
1 00564U 63009  A 66327.40661636  .41117245 +2821402 +00000-0 0  9992
2 00564 057.6437 347.3897 0027256 125.5060 234.7807 16.38971129203644
0 COSMOS 14
1 00567U 63010  A 63240.29433320  .02673943 +11095-1 +00000-0 0  9990
2 00567 048.8871 277.5611 0000000 066.5592 293.3815 16.30791408021708
0 COSMOS 15
1 00569U 63011  A 63115.33950589  .00288551 +00000-0 +00000-0 0  9998
2 00569 064.9274 002.0932 0137789 045.0195 316.0892 16.06457443000480
0 COSMOS 16
1 00571U 63012  A 63127.77029343  .00108029 +00000-0 +00000-0 0  9999
2 00571 064.9847 350.0868 0141756 049.1891 312.0318 15.96121326001509
0 TELSTAR 2 (A-41)
1 00573U 63013A   26282.20833071 -.00000058  00000-0 -64488-3 0  9990
2 00573  42.7508 224.2551 4011349 289.7117 147.4328  6.39279307593441
0 MIDAS 6 (FTV 1169)
1 00574U 63014A   26282.18559530 -.00000007  00000-0 -43963-2 0  9992
2 00574  87.3658 185.0627 0031887   1.2786 358.8146  8.65276530227643
0 MERCURY ATLAS 9
1 00576U 63015  A 63135.72080739  .00862827 +00000-0 +00000-0 0  9990
2 00576 032.5430 289.4700 0077884 072.4399 288.2710 16.21829859000037
0 FTV 1110
1 00578U 63016  A 63144.89057110  .03958004 +14313-1 +00000-0 0  9997
2 00578 074.5443 268.8398 0191126 125.2276 236.6373 16.07440212000959
0 ERS 5
1 00579U 63014B   11315.11307386  .80842682 -16601-5  67952-1 0  9993
2 00579 084.2315 103.3398 0037370 114.6743 249.6932 16.12051688565727
0 COSMOS 17
1 00580U 63017  A 65150.94355857  .01313470 +55067-2 +00000-0 0  9997
2 00580 048.9350 301.0376 0027664 283.5862 076.0988 16.29168189114851
0 COSMOS 18
1 00586U 63018  A 63150.39515611  .00114836 +00000-0 +00000-0 0  9996
2 00586 064.9076 053.6491 0056674 034.0597 326.3030 16.11999511000962
0 DASH 1
1 00589U 63014D   26282.18413709  .00000023  00000-0  95135-2 0  9999
2 00589  87.3620 179.8328 0047201 161.5578 198.6999  8.65627616  3422
0 THOR AGENA D
1 00590U 63019  A 63191.01688312  .03605271 +00000-0 +00000-0 0  9996
2 00590 081.8245 293.2803 0041582 036.2573 324.0305 16.27815124004320
0 VOSTOK 5
1 00591U 63020  A 63169.83488702  .02300263 +00000-0 +00000-0 0  9997
2 00591 064.9214 100.9515 0004112 068.5983 291.4084 16.41679134000719
0 TRANSIT 5A3
1 00594U 63022  A 90215.58230050  .40259105 +45725-5 +13329-2 0  9995
2 00594 089.7819 261.2018 0016375 246.0841 115.2096 16.43038142448731
0 VOSTOK 6
1 00595U 63023  A 63169.77883834  .00945882 +00000-0 +00000-0 0  9992
2 00595 064.9184 073.1054 0021863 078.4674 281.7784 16.35626644000391
0 SURCAL 1B
1 00597U 63021  F 63183.42833099  .03686597 +00000-0 +00000-0 0  9996
2 00597 069.8179 149.2232 0195338 122.8534 239.0790 15.94418885002601
0 FTV 1292
1 00598U 63021  E 63207.60264849  .05118429 +12838-1 +00000-0 0  9994
2 00598 069.8781 082.1116 0082834 087.0508 273.9235 16.24579157006357
0 SOLRAD 6
1 00599U 63021  C 63212.12280030  .04803577 +26284-1 +00000-0 0  9992
2 00599 069.8593 069.7760 0096760 074.2724 286.8152 16.22890538007052
0 RADOSE 112
1 00600U 63021  D 63209.20533460  .03667423 +11943-1 +00000-0 0  9991
2 00600 069.8905 078.1850 0131675 082.4973 279.0215 16.13720829006595
0 LOFTI 2A
1 00601U 63021  B 63198.26285399  .08013236 +51875-1 +00000-0 0  9990
2 00601 069.8602 108.0309 0070306 101.6907 259.1304 16.27635082004908
0 TIROS 7
1 00604U 63024  A 94152.18073690  .02129576 +52585-4 +43933-3 0  9996
2 00604 058.1709 094.7046 0005086 284.1902 076.0350 16.30524975692579
0 ERS 6
1 00608U 63014C   26282.09811088 -.00000010  00000-0 -61146-2 0  9996
2 00608  87.3629 182.6538 0009086 232.1146 127.8887  8.65282107  3324
0 THOR AGENA D
1 00609U 63025  A 63206.22160590  .02780676 +12254-1 +00000-0 0  9994
2 00609 081.5860 314.3349 0029800 030.3054 329.8870 16.33111469004529
0 GRS
1 00612U 63026  A 83348.25260895  .14311858 +59366-4 +28512-3 0  9994
2 00612 049.6421 022.4633 0005750 301.5831 058.5020 16.46828378083155
0 THOR AGENA B
1 00613U 63027  A 69299.05464223  .05018726 +00000-0 +00000-0 0  9998
2 00613 082.2840 088.7246 0000010 271.2752 088.8489 16.37238942353649
0 HITCH HIKER 1
1   614U 63025B   24224.44464499  .02601302 -11065-5  61857-3 0  9998
2   614  81.9161 358.3908 0048667 257.0684 102.5168 16.26051566823406
0 ATLAS AGENA D
1 00618U 63028  A 63198.13449410  .02657864 +23032-1 +00000-0 0  9996
2 00618 095.3665 301.4986 0000000 136.0550 224.0452 16.40777611000708
0 THOR AGENA D
1 00621U 63029  A 63224.72924370  .03465463 +27655-1 +00000-0 0  9997
2 00621 082.8645 335.0490 0004401 038.8584 321.2006 16.35679593003970
0 MIDAS 7/ERS 10
1 00622U 63030A   26282.27286010  .00000000  00000-0 -13165-2 0  9997
2 00622  88.4605 205.2083 0029303 308.7440  51.0792  8.57932453469566
0 DASH 2
1 00624U 63030  D 71102.17622477  .42359471 +00000-0 +00000-0 0  9996
2 00624 084.3125 087.1383 0191759 136.7011 224.9448 15.56102411246593
0 COSMOS 19
1 00632U 63033  A 64086.74546813  .01439151 +00000-0 +00000-0 0  9992
2 00632 049.0033 153.2792 0011535 155.5481 204.5065 16.23704152036906
0 SYNCOM 2 (A 26)
1 00634U 63031A   26281.76069984 -.00000024  00000-0  00000-0 0  9991
2 00634  29.7422 298.8260 0007006 216.5330 201.5798  1.00280561231505
0 ERS 9
1 00635U 63030B   25281.42451812 -.00000018  00000-0 -10374-1 0  9998
2 00635  88.4228 228.9160 0044348 284.1662  75.4263  8.57948362948851
0 THOR AGENA D
1 00637U 63035  A 63309.32966707  .01518971 +00000-0 +00000-0 0  9996
2 00637 081.8766 269.6810 0000115 309.8399 050.1675 16.27407972010778
0 0.1 SQ METER TARGET
1 00638U 63035  B 63271.47012064  .09524819 +00000-0 +00000-0 0  9995
2 00638 081.8534 316.3051 0010052 320.6183 039.3089 16.19954816004677
0 ATLAS AGENA D
1 00641U 63036  A 63251.15365145  .00297283 +00000-0 +00000-0 0  9997
2 00641 094.3652 336.3486 0078548 114.9380 245.8801 16.17660520000229
0 THOR AGENA D
1 00668U 63037  A 63284.95918225  .09341806 +00000-0 +00000-0 0  9994
2 00668 074.9262 017.1421 0021764 137.4315 222.7381 16.43773775002896
0 TRANSIT 5B-1
1 00670U 63038B   26282.07336356  .00000064  00000-0  92653-4 0  9995
2 00670  89.9626 332.5006 0043299  69.5701 291.0088 13.44692071 89494
0 RADIATION SAT (5E 1)
1 00671U 63038C   26282.09396758  .00000065  00000-0  94267-4 0  9994
2 00671  89.9637 332.6310 0040907  26.7798 333.5450 13.45235988 90364
0 COSMOS 20
1 00673U 63040  A 63291.76326008  .00116161 +00000-0 +00000-0 0  9998
2 00673 064.8937 203.0998 0071642 031.9374 328.4957 16.08961750000060
0 VELA 2
1 00674U 63039A   26224.35111914 -.00000709  00000-0  00000-0 0  9996
2 00674  47.8631  92.8575 6522203  86.9087 359.7597  0.22186316  9500
0 ERS 12
1 00675U 63039  B 64343.21021552  .00000001 +00000-0 +00000-0 0  9998
2 00675 035.8996 190.4049 8736961 179.5779 183.1917 00.62085979002628
0 ATLAS AGENA D
1 00677U 63041  A 63300.80702900  .01247636 +00000-0 +00000-0 0  9991
2 00677 099.0805 015.5659 0130958 078.3759 283.0910 16.25042154000338
0 THOR AGENA D
1 00681U 63042  A 64019.08382915  .01604900 +00000-0 +00000-0 0  9996
2 00681 089.8690 056.6362 0003628 011.6918 348.3611 16.29586311012977
0 HITCH HIKER 2
1 00682U 63042  B 65142.36627567  .05203277 +85968-1 +00000-0 0  9994
2 00682 089.9408 055.7263 0011066 230.0418 129.9931 16.38118946089217
0 POLYOT 1
1 00683U 63043  A 82287.53410375  .02001462 +51625-4 +41737-3 0  9991
2 00683 058.8247 338.9218 0019838 195.3526 164.7523 16.29796259005646
0 COSMOS 21
1 00687U 63044  A 63316.06123228  .02746580 +00000-0 +00000-0 0  9993
2 00687 064.7829 178.2347 0029511 095.5782 264.7585 16.27102270000134
0 COSMOS 22
1 00689U 63045  A 63322.75635027  .00185749 +00000-0 +00000-0 0  9996
2 00689 064.9025 240.8336 0140332 040.1858 320.8435 15.94992733000373
0 VELA 1
1 00692U 63039C   26246.64073463 -.00000560  00000-0  00000-0 0  9993
2 00692  33.7681  45.3484 5262132 227.7809   0.9690  0.21985686 13341
0 EXPLORER 18 (IMP-1)
1 00693U 63046  A 65251.80305711  .00000000 +00000-0 +00000-0 0  9991
2 00693 035.1949 239.2015 8970900 162.1051 295.8661 00.25665457001752
0 THOR AGENA D
1 00695U 63048  A 63347.86411327  .02610780 +00000-0 +00000-0 0  9990
2 00695 070.0402 051.8001 0068114 139.9446 220.5687 16.27058098002576
0 TRANSIT 5B-2
1 00704U 63049B   26282.20224044  .00000048  00000-0  63584-4 0  9993
2 00704  89.9214  69.5154 0034017 334.2843 199.0431 13.47136456 86672
0 TRANSIT 5E 3
1 00705U 63049C   26282.15084265  .00000041  00000-0  52282-4 0  9993
2 00705  89.9217  69.4870 0032010 287.9390 247.8750 13.47686148 87442
0 COSMOS 23
1 00707U 63050  A 64084.34714007  .01610576 +00000-0 +00000-0 0  9992
2 00707 048.9375 049.9981 0042588 249.5237 110.0152 16.15747074016022
0 ATLAS AGENA D
1 00711U 63051  A 63353.13128062  .00349618 +00000-0 +00000-0 0  9998
2 00711 097.8978 108.8831 0110703 094.1091 267.1662 16.27606646000042
0 COSMOS 24
1 00712U 63052  A 63357.28627443  .00066510 +00000-0 +00000-0 0  9994
2 00712 065.0333 251.5101 0145683 043.9904 317.1599 15.92019032000628
0 EXPLORER 19 (ADI-1)
1 00714U 63053  A 81130.32197809 -.60229492 +40847-3 +24870+0 0  9992
2 00714 078.6742 076.7233 0031669 188.9597 171.1154 15.98052035730691
0 TIROS 8
1 00716U 63054A   26282.17131981  .00000136  00000-0  50169-4 0  9998
2 00716  58.4951 333.9036 0027353  58.3585 302.0118 14.73267770332512
0 THOR AGENA D
1 00718U 63055  A 64006.75643754  .02081842 +00000-0 +00000-0 0  9997
2 00718 064.7770 075.9695 0075458 138.8849 221.6867 16.24527991002550
0 HITCH HIKER 3
1 00719U 63055  B 64309.10086793  .01394431 +00000-0 +00000-0 0  9997
2 00719 064.5291 066.8160 0008131 307.8211 052.0920 16.23778049050390
0 GGSE 1 (GGRS)
1 00728U 64001B   26282.10167760  .00000055  00000-0  76782-4 0  9990
2 00728  69.9081 318.2487 0014640 211.4840 148.5392 13.97793769195592
0 SECOR 1B
1 00729U 64001C   26282.31164552 -.00000030  00000-0  17404-4 0  9990
2 00729  69.9017  47.9987 0016781 287.8514  72.0760 13.95235545192628
0 SOLRAD 7A
1 00730U 64001D   26282.28407322 -.00000020  00000-0  24461-4 0  9993
2 00730  69.9082  31.8554 0016458 250.8918 128.9267 13.96068567 76569
0 GREB
1 00731U 64001E   26281.68255855 -.00000013  00000-0  29466-4 0  9991
2 00731  69.9085  23.2215 0016439 247.5541 112.3824 13.96322994193424
0 OPS 3367 A
1 00734U 64002B   26282.24461375  .00000048  00000-0  37132-4 0  9990
2 00734  98.9841 215.9243 0013784 212.2004 147.8337 14.29724598265068
0 OPS 3367 B
1 00735U 64002C   26282.28551474  .00000043  00000-0  35979-4 0  9997
2 00735  98.9840 210.3411 0016133 339.8356  20.2185 14.28602315263009
0 RELAY 2
1 00737U 64003A   26282.25601079 -.00000021  00000-0  00000-0 0  9994
2 00737  46.4516 217.1808 2596708 149.1007 229.2269  7.39530179694534
0 ECHO 2 (A-12)
1 00740U 64004  A 69156.79556806  .03889016 +00000-0 +00000-0 0  9993
2 00740 081.3964 155.7916 0041610 159.4828 200.7969 15.24081695264654
0 ELEKTRON 1
1 00746U 64006A   26282.31963952  .00001276  00000-0  34478-3 0  9996
2 00746  60.8934  33.4379 2996631 256.2033  69.1809  9.11033664 77645
0 ELEKTRON 2
1 00748U 64006B   97110.44149625 -.00002985  18874-4  00000+0 0  9994
2 00748 056.6821 134.3551 2007006 068.6349 318.4516 11.96599186128860
0 OPS 3444
1 00752U 64008  A 64066.46319985  .01936560 +00000-0 +00000-0 0  9999
2 00752 075.0088 136.9789 0106650 094.3655 266.8564 16.15316382003126
0 OPS 2423
1 00754U 64009  A 64058.97550940  .00905014 +00000-0 +00000-0 0  9996
2 00754 095.5956 138.3970 0021300 114.0760 246.1469 16.37071890000366
0 COSMOS 25
1 00757U 64010  A 64323.20585631  .01412058 +00000-0 +00000-0 0  9999
2 00757 049.0283 299.1717 0012123 305.1332 054.7493 16.24426681041826
0 OPS 3722
1 00759U 64011  A 69049.48592738  .04923341 +00000-0 +00000-0 0  9993
2 00759 082.0845 127.9150 0024848 208.1187 151.8644 16.35942268278392
0 OPS 3435
1 00764U 64012  A 64076.18578746  .00117009 -52920-8 +00000-0 0  9994
2 00764 095.7000 173.7700 0054103 116.4982 057.2718 16.25073094000714
0 COSMOS 26
1 00766U 64013  A 64271.92611811  .04356119 +00000-0 +00000-0 0  9991
2 00766 048.9557 349.6132 0028412 308.2529 051.4907 16.41617475030880
0 ARIEL 2 (UK-2)
1 00771U 64015  A 67320.00871375  .02032692 +00000-0 +00000-0 0  9994
2 00771 051.5941 189.3694 0059823 147.4196 213.0435 16.14040010194527
0 COSMOS 27
1 00772U 64014  A 64087.56736469  .00317310 +00000-0 +00000-0 0  9997
2 00772 064.8001 269.8414 0008518 320.5700 039.4980 16.26037890000072
0 COSMOS 28
1 00779U 64017  A 64097.34608602  .00096800 +00000-0 +00000-0 0  9999
2 00779 065.0209 008.0965 0129537 041.2862 319.7417 15.93760247000315
0 GEMINI 1
1 00782U 64018  A 64103.65305800  .13025233 +00000-0 +00000-0 0  9996
2 00782 032.5397 269.7225 0027213 129.2306 230.9957 16.43793172000658
0 POLYOT 2
1 00784U 64019  A 66158.76811858  .03811070 +23815-0 +00000-0 0  9998
2 00784 058.0199 169.7284 0000000 344.7363 015.2636 16.38483361123765
0 OPS 3743
1 00786U 64020  A 64119.78611489  .01669813 +00000-0 +00000-0 0  9992
2 00786 103.7711 194.9781 0175634 114.6829 247.1768 16.10161206000817
0 COSMOS 29
1 00791U 64021  A 64119.22272725  .00124594 +00000-0 +00000-0 0  9995
2 00791 065.0143 034.5382 0070018 021.9845 338.3143 16.09266794000452
0 OPS 2921
1 00796U 64022  A 64145.70322987  .04298513 +00000-0 +00000-0 0  9996
2 00796 079.8718 233.9224 0053291 040.6272 319.7701 16.28212514004284
0 COSMOS 30
1 00797U 64023  A 64144.78727598  .00063052 +00000-0 +00000-0 0  9996
2 00797 064.8838 037.9198 0121648 036.4115 324.4098 15.96479729000864
0 OPS 3592
1 00799U 64024  A 64143.20382498  .07498104 +00000-0 +00000-0 0  9998
2 00799 101.1099 224.8144 0061476 091.4899 269.2150 16.25877945000398
0 APOLLO MODEL 1
1 00800U 64025  A 64151.65727230  .02539509 +00000-0 +00000-0 0  9997
2 00800 031.7652 289.7080 0010287 132.0863 228.0005 16.33700975000322
0 OPS 4412 (TRANSIT 9)
1 00801U 64026A   26281.76934897  .00000318  00000-0  15168-3 0  9995
2 00801  90.4634 193.8736 0048258  18.7717 341.5237 14.17150491202239
0 OPS 3483
1 00802U 64027  A 64170.07143708  .09463168 +00000-0 +00000-0 0  9994
2 00802 079.9156 285.9111 0096066 064.5574 296.4335 16.28673162002101
0 COSMOS 31
1 00803U 64028  A 64292.25119709  .02052390 +00000-0 +00000-0 0  9999
2 00803 048.9477 269.4860 0029903 042.5583 317.6720 16.29372552021299
0 COSMOS 32
1 00807U 64029  A 64169.42959138  .00077649 +00000-0 +00000-0 0  9996
2 00807 051.2376 035.0842 0089670 054.4278 306.4342 16.04122807001120
0 OPS 3236 (STARFLASH 1A)
1 00811U 64030  A 65152.74327127  .02967790 +28050-1 +00000-0 0  9991
2 00811 114.9680 348.6399 0009070 284.2436 075.8076 16.34106834055883
0 OPS 4467 A
1 00812U 64031A   26281.95677852  .00000029  00000-0  35602-4 0  9994
2 00812  99.8339  90.6861 0006170 124.0042 236.1720 14.24615033232491
0 OPS 4467 B
1 00813U 64031B   26282.28029117  .00000016  00000-0  30645-4 0  9995
2 00813  99.8423  88.4098 0004868 210.3882 149.7011 14.23733356231169
0 OPS 3754
1 00814U 64032  A 64197.46387004  .04334490 +00000-0 +00000-0 0  9994
2 00814 084.9877 302.5466 0054057 043.6269 316.8538 16.30820672004075
0 COSMOS 33
1 00816U 64033  A 64184.09641669  .00200633 +00000-0 +00000-0 0  9999
2 00816 065.0300 065.4696 0044064 025.6095 334.6080 16.13069808001403
0 COSMOS 34
1 00822U 64034  A 64190.38894365  .00065479 +00000-0 +00000-0 0  9996
2 00822 064.9052 095.1665 0107157 034.1856 326.4997 16.00924915001110
0 OPS 3395
1 00824U 64035  A 69218.79019024  .04184065 +00000-0 +00000-0 0  9998
2 00824 082.0248 162.5331 0006160 230.1429 129.9202 16.35557127284691
0 OPS 4923
1 00826U 64036  B 65001.06514759  .01857884 +11023-1 +00000-0 0  9993
2 00826 092.9328 343.8691 0015314 263.4592 096.3681 16.28508050028277
0 OPS 3491
1 00828U 64037  A 64217.16709207  .02621517 +00000-0 +00000-0 0  9994
2 00828 084.9830 323.1604 0081644 047.6093 313.0793 16.20545839003869
0 ELEKTRON 3
1 00829U 64038A   26281.72687694  .00000515  00000-0  15376-3 0  9994
2 00829  60.8102  43.4774 2938143  19.6256 349.7176  9.21566101 25911
0 ELEKTRON 4
1 00830U 64038  B 83251.32750317  .00413117 -12280-3 +88205-4 0  9990
2 00830 065.8514 191.9624 8342876 043.6280 357.4186 01.13276446076703
0 COSMOS 35
1 00833U 64039  A 64200.62879414  .00078222 +00000-0 +00000-0 0  9990
2 00833 051.2576 097.0323 0038637 027.8511 332.4177 16.13318659000513
0 OPS 3662 (VELA 3)
1 00836U 64040A   26284.53169327  .00000438  00000-0  00000-0 0  9994
2 00836  53.2709 115.7198 5438293 272.6229   0.9086  0.23919780 11274
0 OPS 3674 (VELA 4)
1 00837U 64040B   26276.98069376 -.00000141  00000-0  00000-0 0  9990
2 00837  48.4046 117.3999 6588915 257.0324   1.2707  0.24002368 54988
0 ERS 13
1 00838U 64040  C 65241.42661616  .00000049 +00000-0 +00000-0 0  9996
2 00838 038.2958 180.0547 8855858 187.6676 124.0118 00.61303366002501
0 COSMOS 36
1 00844U 64042  A 65056.76900255  .01829135 +10687-1 +00000-0 0  9990
2 00844 048.9722 229.1738 0014532 038.3386 321.7621 16.28088623033358
0 OPS 3042
1 00846U 64043  A 64242.86444473  .02683671 +00000-0 +00000-0 0  9996
2 00846 079.9889 334.9343 0073737 051.0581 309.5969 16.23653155003827
0 COSMOS 37
1 00848U 64044  A 64232.35831689  .00096245 +00000-0 +00000-0 0  9994
2 00848 064.9611 122.9923 0062486 015.9849 344.3024 16.10866081000804
0 OPS 3802
1 00850U 64045  A 64234.93047879  .03973716 +00000-0 +00000-0 0  9994
2 00850 095.5235 356.2216 0057105 110.8995 249.7324 16.35462444001146
0 OPS 3316
1 00851U 64045  B 79067.20968408  .04483484 +43145-0 +92278-3 0  9992
2 00851 095.3800 294.0435 0039596 174.4719 187.1319 16.37377387686870
0 COSMOS 38
1 00853U 64046  A 64310.94437097  .02387148 +00000-0 +00000-0 0  9996
2 00853 056.1039 126.6414 0072429 245.7833 113.4728 16.18972634012424
0 COSMOS 39
1 00854U 64046  B 64320.81997294  .02869103 +00000-0 +00000-0 0  9990
2 00854 056.1091 082.7725 0061510 263.9389 095.3591 16.23252192013958
0 COSMOS 40
1 00855U 64046  C 64322.08319328  .03136301 +00000-0 +00000-0 0  9996
2 00855 056.1046 073.5674 0056486 270.1941 089.1579 16.24948377014204
0 SYNCOM 3
1 00858U 64047A   26281.73387958 -.00000359  00000-0  00000-0 0  9999
2 00858   7.2378  63.2597 0004889 166.5620 176.3584  1.00351636 54601
0 OPS 2739 (STARFLASH 1B)
1 00861U 64048  A 65088.19436568  .01956889 +12232-1 +00000-0 0  9993
2 00861 114.9555 309.7397 0003377 334.6901 025.2917 16.27999263034851
0 COSMOS 42
1 00864U 64050  A 65351.95841643  .02097261 +14052-1 +00000-0 0  9993
2 00864 048.9323 186.0623 0042531 070.8274 289.6459 16.27657515073264
0 COSMOS 43
1 00867U 64050  C 65360.30809102  .02649314 +22405-1 +00000-0 0  9992
2 00867 048.9034 138.4702 0041003 105.9590 254.5048 16.28959218074609
0 EXPLORER 20
1 00870U 64051A   26282.11073677  .00000096  00000-0  66997-4 0  9999
2 00870  79.8982 154.7716 0097166 344.5981  15.2222 13.91810538149281
0 NIMBUS 1
1 00872U 64052  A 74136.23323198  .46553534 +52556-0 +11930-2 0  9990
2 00872 098.6693 167.0924 0006389 286.6192 073.4345 16.33494197532103
0 COSMOS 44
1 00876U 64053A   26282.13561715  .00000159  00000-0  47418-4 0  9991
2 00876  65.0613 348.9579 0146143 223.0655 135.8939 14.65781755305376
0 OGO 1
1   879U 64054A   20233.75378097 -.00000811 +00000-0 +00000-0 0  9990
2   879 054.9668 307.2269 9131889 205.8880 032.8586 00.40281857021812
0 COSMOS 45
1 00880U 64055  A 64258.58404132  .00096900 +00000-0 +00000-0 0  9992
2 00880 064.9101 170.1666 0087523 028.8119 331.6686 16.05789422000197
0 OPS 3497
1 00882U 64056  A 64279.14978621  .04511448 +00000-0 +00000-0 0  9992
2 00882 084.9687 025.9827 0088356 055.9541 304.8827 16.22243193003226
0 APOLLO MODEL 2
1 00883U 64057  A 64264.32189199  .01555937 +00000-0 +00000-0 0  9990
2 00883 031.7291 032.4545 0022225 142.2146 217.9407 16.30226256000272
0 OPS 4262
1 00884U 64058  A 64269.23279353  .01276094 +00000-0 +00000-0 0  9993
2 00884 092.9119 003.5719 0085371 172.6898 187.4366 16.35652297000239
0 COSMOS 46
1 00885U 64059  A 64273.44957325  .00092133 +00000-0 +00000-0 0  9994
2 00885 051.2464 166.3851 0038147 032.6073 327.6275 16.13998644000800
0 EXPLORER 21 (IMP-2)
1 00889U 64060  A 65324.46104808  .00000000 +00000-0 +00000-0 0  9992
2 00889 033.7150 193.3345 8648598 178.8563 188.0506 00.69219392002865
0 OPS 3333
1 00890U 64061  A 64297.50116990  .02802533 +00000-0 +00000-0 0  9996
2 00890 079.9617 023.1376 0095504 102.6045 258.4751 16.18525703002812
0 OPS 5798 (TRANSIT 5B-4)
1 00897U 64063B   26281.89420748  .00000061  00000-0  77106-4 0  9996
2 00897  90.2300  78.1775 0018831 202.8670 311.4372 13.53745751 60605
0 COSMOS 41
1 00898U 64049E   04128.18276473  .15431628  85022-5  10000-3 0  9997
2 00898 063.9858 213.9033 0345251 028.2528 333.6571 15.84426180291913
0 EXPLORER 22
1 00899U 64064A   26281.96184512  .00000134  00000-0  11141-3 0  9990
2 00899  79.6939   2.4935 0118703 273.3614  85.3964 13.83080797120701
0 CALSPHERE 1
1 00900U 64063C   26282.20451971  .00000464  00000-0  46290-3 0  9995
2 00900  90.2200  74.4086 0024465 309.1173 104.3452 13.76724727 87110
0 CALSPHERE 2
1 00902U 64063E   26281.94088852  .00000057  00000-0  73253-4 0  9999
2 00902  90.2309  78.4646 0016736 255.6578 226.7540 13.52907700871648
0 VOSKHOD 1
1 00904U 64065  A 64286.36936185  .01500201 +00000-0 +00000-0 0  9990
2 00904 064.7172 168.8277 0119390 054.9930 306.1552 16.06260978000012
0 COSMOS 48
1 00908U 64066  A 64289.83860631  .00071638 +00000-0 +00000-0 0  9998
2 00908 065.0873 203.7888 0060106 020.9254 339.4040 16.11346968000232
0 OPS 3559
1 00911U 64067  A 64305.85014027  .02136823 +00000-0 +00000-0 0  9994
2 00911 074.9894 036.7881 0091307 107.7140 253.2988 16.16638439002238
0 OPS 4384
1 00912U 64068  A 64301.45798611  .02234923 +00000-0 +00000-0 0  9996
2 00912 095.5000 008.4505 0120000 137.0000 143.9005 16.17005732000609
0 COSMOS 49
1 00913U 64069  A 65230.66301497  .01112097 +39514-2 +00000-0 0  9995
2 00913 048.9789 192.6881 0019260 153.3628 206.7931 16.27549130047334
0 OPS 5063
1 00914U 64068  B 65053.89612981  .03496469 +38935-1 +00000-0 0  9991
2 00914 095.4292 104.4480 0000000 244.2970 115.7035 16.32893841019441
0 COSMOS 50
1 00919U 64070  A 64303.72916435  .00269057 +00000-0 +00000-0 0  9998
2 00919 051.2318 198.5952 0034483 312.9624 046.7488 16.23335350000210
0 OPS 5434
1 00921U 64071  A 64330.81133576  .02469967 +00000-0 +00000-0 0  9993
2 00921 079.9493 037.8165 0077981 072.7875 288.0646 16.21341397003669
0 OPS 3062
1 00922U 64072  A 69309.16984102  .06002925 +00000-0 +00000-0 0  9994
2 00922 082.0162 345.7596 0000009 014.2402 345.8838 16.37444541279427
0 EXPLORER 23
1 00924U 64074  A 83179.94758236  .08731586 +59884-4 +78684-3 0  9990
2 00924 051.9097 220.9069 0009333 024.5225 335.7367 16.38038685006394
0 OPS 3360 (ORBIS)
1 00930U 64075  A 64338.20204994  .02040804 +00000-0 +00000-0 0  9996
2 00930 070.0252 038.4657 0082435 078.5327 282.3922 16.19262144002317
0 EXPLORER 24 (ADI-2)
1 00931U 64076  A 68291.40669611  .06862933 +00000-0 +00000-0 0  9992
2 00931 081.2693 313.6019 0029107 012.9619 347.2257 15.61557788184819
0 EXPLORER 25 (INJUN-4)
1 00932U 64076B   26281.97979171  .00000522  00000-0  18045-3 0  9996
2 00932  81.3358 290.8992 1117919  10.2740 351.9268 12.67328654833547
0 COSMOS 51
1 00947U 64080  A 65318.01665019  .02148720 +57745-2 +00000-0 0  9993
2 00947 048.7355 317.2960 0000000 000.0000 359.9999 16.35488341053477
0 SAN MARCO 1
1 00957U 64084  A 65256.16982264  .03197122 +32427-1 +00000-0 0  9999
2 00957 037.7509 292.3514 0026092 276.3219 083.3709 16.39117631042294
0 OPS 6582 (TRANSIT 5E-5)
1 00959U 64083C   26282.18549803  .00000133  00000-0  15782-3 0  9995
2 00959  90.0164 187.4884 0041425 329.2569 196.2355 13.62525324 65732
0 OPS 3358
1 00961U 64085  A 65014.09434905  .05738858 +10491-0 +00000-0 0  9998
2 00961 074.9411 060.3863 0039828 085.0924 275.3632 16.33144549004044
0 EXPLORER 26 (EPE-D)
1 00963U 64086A   21235.23032292  .02177273 -20191-4  95474-3 0  9997
2 00963  19.6919 236.1281 0059753  63.7191 296.9371 16.16536712259780
0 OPS 3762
1 00964U 64087  A 65010.34906856  .02717592 +23518-1 +00000-0 0  9990
2 00964 070.0646 033.3510 0018471 137.7978 222.3459 16.33668079003168
0 OPS 6582 (TRANSIT 5B-5)
1 00965U 64083D   26282.25482477  .00000051  00000-0  59023-4 0  9999
2 00965  90.0884 203.9964 0040105 306.1600 208.6735 13.57021272 59083
0 COSMOS 52
1 00968U 65001  A 65018.22381921  .00101323 +27768-4 +00000-0 0  9997
2 00968 064.9909 264.0012 0064116 013.2806 346.8873 16.10493257001104
0 OPS 3928
1 00972U 65002  A 65040.06142040  .05902710 +11111-0 +00000-0 0  9992
2 00972 074.9706 086.9740 0049238 084.3700 276.1936 16.32277017003873
0 OPS 7040
1 00973U 65003  A 79194.29741405  .08440403 +12013-4 +11877-3 0  9996
2 00973 098.6524 101.9092 0006265 220.4248 139.6301 16.43478098794900
0 TIROS 9
1 00978U 65004A   26282.21092219 -.00000095  00000-0 -10887-3 0  9998
2 00978  96.4154  16.7358 1158224 148.4827 219.1250 12.11156531725417
0 OPS 4703
1 00980U 65005  A 65026.34676429  .00505997 +82090-3 +00000-0 0  9990
2 00980 102.5450 120.7932 0111621 127.4073 233.6552 16.21839756000415
0 COSMOS 53
1 00983U 65006  A 66223.22243885  .05673887 +46015-0 +00000-0 0  9990
2 00983 048.6430 326.2639 0048470 054.8919 305.5894 16.33786382084235
0 OSO 2
1 00987U 65007  A 89221.41631787  .12086464 +11135-4 +26704-3 0  9999
2 00987 032.8206 195.1834 0001239 283.9518 076.2624 16.46992651356436
0 LES 1
1 01002U 65008C   26281.84506947  .00000009  00000-0  80724-4 0  9998
2 01002  32.1391 135.4568 0015166 319.9126  40.0252  9.88355097227431
0 PEGASUS 1
1 01085U 65009  A 78260.10482279  .18241631 +00000-0 +00000-0 0  9996
2 01085 031.7228 272.6338 0025530 308.3466 054.6075 16.42422799752002
0 APOLLO MODEL 3
1 01088U 65009  B 85190.71642387  .06117589 -17622-4 +30724-3 0  9997
2 01088 031.7218 295.8597 0002569 305.8509 054.2728 16.42574391123060
0 COSMOS 54
1 01089U 65011  A 68259.30950780  .05174349 +00000-0 +00000-0 0  9996
2 01089 055.9606 095.7202 0025404 052.4849 307.8435 16.34573151186969
0 COSMOS 55
1 01090U 65011  B 68031.68475490  .02835751 +00000-0 +00000-0 0  9995
2 01090 055.9841 284.9351 0059422 314.6047 045.0085 16.19128986153476
0 COSMOS 56
1 01091U 65011  C 67306.50418862  .06617857 +00000-0 +00000-0 0  9990
2 01091 055.9645 209.5092 0030662 168.8124 191.3543 16.32114696141495
0 OPS 4782
1 01096U 65013  A 65071.79297885  .01325826 +48092-2 +00000-0 0  9997
2 01096 075.0740 159.3408 0096537 118.5462 242.4290 16.11223460002391
0 COSMOS 58
1 01097U 65014  A 90056.68348170  .20179781 +34100-4 +31171-3 0  9993
2 01097 064.9616 015.9124 0002268 211.1486 149.3621 16.48528665373194
0 COSMOS 59
1 01191U 65015  A 65067.49177262  .00083304 +17011-4 +00000-0 0  9993
2 01191 064.9806 331.7381 0088176 059.1888 301.7034 16.03738424000187
0 SECOR 3
1 01208U 65016E   26282.06307361  .00000041  00000-0  67811-4 0  9997
2 01208  70.0787 301.5550 0022857 292.9920  86.6055 13.96094385135061
0 GGSE 2
1 01244U 65016B   26282.05060690  .00000035  00000-0  63842-4 0  9990
2 01244  70.0785 303.7629 0023571 295.8437  64.0238 13.96175523133952
0 COSMOS 60
1 01246U 65018  A 65072.62381693  .01777415 +99906-2 +00000-0 0  9998
2 01246 064.7173 342.0894 0040313 054.1018 306.3060 16.19606525000204
0 OPS 4920
1 01247U 65019  A 65072.83811776  .01800423 +10393-1 +00000-0 0  9991
2 01247 107.6315 152.3114 0104894 127.3301 233.6703 16.21111561000176
0 SECOR 2 (EGRS 2)
1 01250U 65017  B 68056.41234402  .03097520 +00000-0 +00000-0 0  9998
2 01250 089.9125 073.1178 0010797 043.3147 316.8882 16.33281733162470
0 COSMOS 61
1 01267U 65020  A 68013.42698220  .02859776 +00000-0 +00000-0 0  9994
2 01267 055.9513 078.9020 0066061 263.1930 096.1522 16.17754839147968
0 COSMOS 62
1 01268U 65020  B 68267.76953318  .05812147 +00000-0 +00000-0 0  9999
2 01268 055.9584 156.5937 0022577 039.3239 320.9377 16.38184823185192
0 COSMOS 63
1 01269U 65020  C 67308.73876990  .05209711 +00000-0 +00000-0 0  9999
2 01269 055.9303 299.6540 0087885 139.9346 220.8159 16.33731998138730
0 OPS 4988 (GREB 6)
1 01271U 65016A   26281.99203979  .00000032  00000-0  60884-4 0  9991
2 01271  70.0779 275.4824 0023659 278.8026 112.3367 13.96675264134700
0 PORCUPINE 1
1 01272U 65016H   26281.97350371 -.00000016  00000-0  27341-4 0  9993
2 01272  70.0824   7.9158 0023731 327.2730  32.6904 13.94543862132246
0 OPS 7353
1 01273U 65021  A 89365.32895818  .13971414 +17659-4 +25784-3 0  9993
2 01273 098.9654 327.6413 0005014 098.4602 262.6770 16.47484165356179
0 VOSKHOD 2
1 01274U 65022  A 65077.66520713  .00121346 +28604-4 +00000-0 0  9995
2 01274 064.7930 314.8909 0227292 070.5013 291.9522 15.83634739000064
0 SOLRAD 7B
1 01291U 65016D   26281.61925641  .00000002  00000-0  40074-4 0  9995
2 01291  70.0817 355.1048 0022626 326.0026  33.9629 13.94986351132525
0 GGSE 3
1 01292U 65016C   26281.83886787  .00000054  00000-0  70574-4 0  9992
2 01292  70.0764  67.3187 0018430 166.0074 194.1549 14.01615721140491
0 OSCAR 3
1 01293U 65016F   26282.07332552  .00000005  00000-0  34633-4 0  9998
2 01293  70.0724 151.5379 0018158 346.9737  13.0905 14.08522065148127
0 OPS 7087
1 01303U 65017  A 65164.23702658  .06705021 +14422-0 +00000-0 0  9995
2 01303 089.9805 074.6580 0068984 094.9788 265.8172 16.21071660014172
0 COSMOS 64
1 01305U 65025  A 65090.47600600  .00144253 +62539-4 +00000-0 0  9998
2 01305 065.0107 346.1536 0034933 009.9114 350.2508 16.16832013000985
0 OPS 4803
1 01307U 65026  A 65093.00720588  .00622490 +12397-2 +00000-0 0  9990
2 01307 096.0268 204.6370 0044191 116.4847 243.9693 16.25256093001327
0 SURCAL 2
1 01310U 65016  G 81086.25305192  .32725299 +29589-5 +28115-1 0  9998
2 01310 069.9792 325.8818 0007681 237.2758 122.7720 16.13079771826481
0 OPS 4682 (SNAPSHOT)
1 01314U 65027A   26282.16589730  .00000026  00000-0  68745-4 0  9990
2 01314  90.2499   8.7609 0030091 357.2206   7.2163 12.91806583645740
0 SECOR 4 (EGRS 4)
1 01315U 65027B   26282.26222211  .00000069  00000-0  22972-3 0  9998
2 01315  90.2615  18.1995 0029420 261.9300 124.3867 12.92669382901667
0 INTELSAT 1-F1
1 01317U 65028A   26281.49580095  .00000120  00000-0  00000-0 0  9995
2 01317   7.4274  62.5095 0008824 150.9252 190.8958  1.00228681128303
0 COSMOS 65
1 01320U 65029  A 65113.63782165  .00092425 +21311-4 +00000-0 0  9996
2 01320 065.0061 006.2174 0086378 049.7407 311.0528 16.05009654001006
0 MOLNIYA 1-1
1 01324U 65030  A 79100.09643770  .01077126 +00000-0 +00000-0 0  9991
2 01324 064.0482 061.7478 7114519 222.3756 058.2615 02.57634776102292
0 EXPLORER 27
1 01328U 65032A   26282.26503283 -.00000006  00000-0  11659-3 0  9991
2 01328  41.1828 249.1591 0240404 179.3370 180.7740 13.38935508  3639
0 OPS 6717
1 01329U 65031  B 69303.21568528  .04322329 +00000-0 +00000-0 0  9993
2 01329 095.1387 288.1795 0000010 071.8203 288.3041 16.30604734251561
0 LES 2
1 01360U 65034B   26282.29563403 -.00000042  00000-0  00000-0 0  9997
2 01360  32.1950 318.4907 3965337 150.1991 239.8980  4.64827879 43175
0 LCS 1
1 01361U 65034C   26282.27660429  .00000010  00000-0  21040-3 0  9996
2 01361  32.1407 266.1421 0010929 168.4072 191.6678  9.89310942221188
0 COSMOS 66
1 01362U 65035  A 65131.42154357  .00487168 +67424-3 +00000-0 0  9998
2 01362 064.9931 028.7196 0074633 000.2110 359.8961 16.13554470000654
0 LUNIK 5
1 01366U 65036  A 65129.38206884  .00097686 +30424-4 +00000-0 0  9991
2 01366 064.8254 019.6455 0045498 310.6780 048.9811 16.31021346000011
0 OPS 5023 (2)
1 01367U 65033  B 65155.82406194  .05276700 +55052-1 +00000-0 0  9995
2 01367 084.8817 222.9946 0271842 054.5380 308.0065 15.85406215005518
0 OPS 8431
1 01374U 65037  A 65165.67860417  .02627918 +21991-1 +00000-0 0  9996
2 01374 074.9947 156.5818 0019814 089.1021 271.1440 16.33094224004349
0 OPS 8386
1 01377U 65038A   12069.39085762  .22296756  29661-5  44766-3 0  9996
2 01377 098.0492 292.3787 0006769 276.2882 083.9589 16.46851053525758
0 PEGASUS 2
1 01381U 65039  A 79307.49303108  .09516714 -14427-4 +26558-3 0  9995
2 01381 031.7474 161.1695 0002959 273.9325 086.1002 16.32717544794788
0 COSMOS 67
1 01382U 65040  A 65150.93552536  .00077002 +14148-4 +00000-0 0  9992
2 01382 051.8216 026.8088 0100401 059.4926 301.5181 16.01724883000887
0 APOLLO MODEL 4
1 01385U 65039  B 89189.13151924  .10924283 +17729-4 +14624-3 0  9990
2 01385 031.7255 352.5213 0000010 357.0342 004.4419 16.49499117327733
0 EXPLORER 28 (IMP-3)
1 01388U 65042  A 67300.54166666  .00000000 +00000-0 +00000-0 0  9993
2 01388 053.6069 195.5879 7162000 181.4066 192.5359 00.17262629001456
0 OPS 8425
1 01396U 65045  A 65169.98259036  .02528251 +19976-1 +00000-0 0  9996
2 01396 075.0556 277.9194 0084129 121.5994 239.2556 16.18979643001460
0 COSMOS 68
1 01404U 65046  A 65168.51789710  .00152758 +58414-4 +00000-0 0  9998
2 01404 065.0162 077.5540 0089218 025.2355 335.2781 16.05251932000349
0 LEAD BALLAST
1 01412U 65047  A 65175.42358506  .00571379 +10360-2 +00000-0 0  9991
2 01412 032.1378 231.7215 0007759 017.2827 342.8007 16.38676317000967
0 OPS 8480 (TRANSIT 5B-6)
1 01420U 65048A   26281.53862831  .00000107  00000-0  14421-3 0  9998
2 01420  89.8694 284.7627 0075415 102.1173  11.6792 13.51924535 18773
0 COSMOS 69
1 01421U 65049  A 65178.51830166  .00097626 +24129-4 +00000-0 0  9991
2 01421 064.8893 087.6013 0078526 047.4788 313.2265 16.06050389000346
0 OPS 6749
1 01422U 65050  A 68234.21067191  .04163669 +00000-0 +00000-0 0  9990
2 01422 107.6212 097.4072 0005014 188.4980 171.6062 16.31526881176825
0 OPS 5501
1 01424U 65050  B 65177.84025741  .02080934 +13887-1 +00000-0 0  9998
2 01424 107.6357 256.6470 0101508 136.9517 223.9035 16.21380144000171
0 TIROS 10
1 01430U 65051A   26282.28418144  .00000080  00000-0  37591-4 0  9994
2 01430  98.5169  41.1926 0056401  96.5044 264.2570 14.41662980212355
0 COSMOS 70
1 01431U 65052  A 66351.17088478  .03433934 +14494-0 +00000-0 0  9992
2 01431 048.6944 196.0397 0060872 298.2432 061.1631 16.28049286080499
0 COSMOS 71
1 01441U 65053  A 70222.65801323  .04094930 +00000-0 +00000-0 0  9999
2 01441 055.9953 311.7482 0006050 278.8832 081.1518 16.31674237282852
0 COSMOS 72
1 01442U 65053  B 79235.97623365  .05618933 +53281-4 +11054-3 0  9999
2 01442 055.9659 341.2155 0008457 276.9632 083.0491 16.38282739783802
0 COSMOS 73
1 01443U 65053  C 74078.78659963  .04170289 +02944-2 +09809-4 0  9992
2 01443 056.0489 007.5307 0003509 237.7790 122.2909 16.35485840484678
0 COSMOS 74
1 01444U 65053  D 79346.86862803  .06365056 +56382-4 +16346-3 0  9994
2 01444 056.0008 082.3437 0000834 351.8534 008.3584 16.34547888797460
0 COSMOS 75
1 01445U 65053  E 79270.90807021  .17579257 +03060-5 +00180-4 0  9995
2 01445 055.9933 130.2379 0007394 340.4076 025.9983 16.45342827784537
0 OPS 8411
1 01447U 65055  A 68352.75585492  .05187261 +00000-0 +00000-0 0  9996
2 01447 070.1544 009.6085 0000000 350.3914 009.7200 16.38179171192286
0 OPS 6577 (VELA 5)
1 01458U 65058A   26273.06215909 -.00001085  00000-0  00000-0 0  9999
2 01458  29.9828  13.6215 5137697 323.2187   1.0483  0.21467903 12270
0 OPS 6564 (VELA 6)
1 01459U 65058B   26278.88715702 -.00000731  00000-0  00000-0 0  9998
2 01459  41.7293 356.4473 4840845  98.8329 359.4808  0.21371713  9462
0 ERS 17
1 01460U 65058  C 65295.04027776  .00000000 +00000-0 +00000-0 0  9995
2 01460 036.8820 209.6380 8889900 154.7840 355.9470 00.55487226000506
0 COSMOS 76
1 01464U 65059  A 66053.32737120  .00312249 +23546-3 +00000-0 0  9999
2 01464 048.7701 227.4119 0067693 064.4365 296.2790 16.02632911033764
0 PROTON 1
1 01466U 65054  A 65275.47921954  .00964927 +25679-2 +00000-0 0  9991
2 01466 063.4316 205.2570 0122003 061.9312 299.3203 16.11734273012313
0 PEGASUS 3
1 01467U 65060  A 69216.02852346  .04443300 +00000-0 +00000-0 0  9997
2 01467 028.8967 102.9535 0000010 257.0464 103.0107 16.35133354224402
0 APOLLO MODEL 5
1 01468U 65060  B 75324.96875285  .02285903 +00000-0 +00000-0 0  9996
2 01468 028.8558 005.2919 0001346 354.5453 005.5135 16.32690048579533
0 COSMOS 77
1 01469U 65061  A 65218.98350053  .00122543 +42096-4 +00000-0 0  9995
2 01469 051.8025 108.3854 0060724 039.7294 320.7632 16.12741733000575
0 OPS 6761
1 01472U 65062  B 68168.69815123  .05829931 +00000-0 +00000-0 0  9994
2 01472 107.3295 197.9493 0000000 162.0506 198.0624 16.37070655160608
0 COSMOS 78
1 01505U 65066  A 65230.30820223  .00101177 +26707-4 +00000-0 0  9993
2 01505 068.9724 156.2679 0078724 004.3016 355.8706 16.08117699000627
0 SECOR 5 (EGRS 5)
1 01506U 65063A   26281.82263953 -.00000031  00000-0 -10362-4 0  9991
2 01506  69.2307  76.3214 0786231  73.0519 356.2581 11.78694693631640
0 DODECAPOLE 2
1 01510U 65065C   26282.25941348  .00002125  00000-0  11518-2 0  9993
2 01510  90.0720  25.8621 0041246 176.3148 183.8350 14.11749015 49259
0 TEMPSAT 1
1 01512U 65065E   26282.27804631  .00000029  00000-0  41756-4 0  9990
2 01512  90.0104 212.6344 0067947 288.9766 236.2989 13.33599888975250
0 OPS 7208
1 01513U 65067  A 65282.86009225  .02709448 +81305-2 +00000-0 0  9992
2 01513 070.0217 200.6432 0045836 066.0398 294.4612 16.30171612008468
0 OPS 8464 (TRANSIT 5B-7)
1 01514U 65065F   26282.30266308  .00000052  00000-0  84000-4 0  9994
2 01514  90.0049 227.8875 0068893 197.7660 328.4795 13.35383266976497
0 NAVSPASUR ROD 1
1 01515U 65065G   26282.26625582  .00000626  00000-0  94194-3 0  9994
2 01515  90.0316 214.5540 0061937 346.6534 167.3075 13.51118310995726
0 GEMINI 5
1 01516U 65068  A 65238.35371715  .00465042 +57804-3 +00000-0 0  9992
2 01516 032.6144 007.2850 0072683 119.3144 241.4289 16.09722886000779
0 CALSPHERE 4(A)
1 01520U 65065H   26282.26226220  .00000096  00000-0  16537-3 0  9992
2 01520  89.8860 121.3180 0070743 140.4368 272.3688 13.36294427977945
0 COSMOS 80
1 01570U 65070A   26282.15942582 -.00000066  00000-0  19179-3 0  9990
2 01570  56.0541 161.3624 0102669 115.8368  50.9193 12.52801811795631
0 COSMOS 81
1 01571U 65070B   26282.28808903 -.00000102  00000-0 -44912-4 0  9999
2 01571  56.0592 254.1453 0085885 241.5713 261.5133 12.48869644786873
0 COSMOS 82
1 01572U 65070C   26282.13449409 -.00000076  00000-0  12797-3 0  9990
2 01572  56.0597 312.8916 0075843  52.9403 344.3655 12.45124449778399
0 COSMOS 83
1 01573U 65070D   26281.73301191 -.00000101  00000-0 -58341-4 0  9997
2 01573  56.0557  42.3044 0065458 226.0702 133.4787 12.41046700769303
0 COSMOS 84
1 01574U 65070E   26282.01674773 -.00000068  00000-0  18326-3 0  9998
2 01574  56.0506 126.7108 0065075  28.0989 125.1872 12.37039453760517
0 PORCUPINE 2
1 01577U 65065J   26282.31234859  .00000084  00000-0  14284-3 0  9991
2 01577  90.0410 212.4873 0070845 140.2860  13.4382 13.36272877977895
0 OPS 8068
1 01580U 65072A   26282.24944176  .00000117  00000-0  48174-4 0  9998
2 01580  98.4358  75.1514 0229830  68.8239 293.7335 14.29717606149319
0 COSMOS 86
1 01584U 65073A   26282.19710730 -.00000081  00000-0  93034-4 0  9990
2 01584  56.0570 191.0532 0215965  77.9044  73.2394 12.51922040791723
0 COSMOS 87
1 01585U 65073B   26282.21856700 -.00000090  00000-0  29663-4 0  9999
2 01585  56.0631 337.2732 0204207 179.5521 220.7664 12.47464327779981
0 COSMOS 88
1 01586U 65073C   26281.86649014 -.00000094  00000-0 -59823-5 0  9995
2 01586  56.0596  79.4846 0186459 319.9045 207.8158 12.43347067772638
0 COSMOS 89
1 01587U 65073D   26282.25059236 -.00000090  00000-0  21466-4 0  9997
2 01587  56.0558 203.6491 0168771 100.0477 261.9513 12.38989972762994
0 COSMOS 90
1 01588U 65073E   26282.21011463 -.00000069  00000-0  16353-3 0  9998
2 01588  56.0589 333.0115 0153504 227.9143 171.6766 12.34594138753075
0 OPS 7221
1 01602U 65074  A 65282.83158277  .02891894 +26784-1 +00000-0 0  9994
2 01602 080.0453 006.2338 0068287 114.1374 246.6003 16.23640328002722
0 OV1-2
1 01613U 65078A   26282.29799393  .00004540  00000-0  42005-3 0  9995
2 01613 144.2243 161.9058 1123645 350.2935   7.7755 13.02231999729594
0 OPS 5325
1 01615U 65079  A 65298.00326092  .01056600 +33546-2 +00000-0 0  9993
2 01615 075.0474 308.0140 0055186 100.3921 260.2415 16.16822174003101
0 OGO 2 (POGO)
1 01620U 65081  A 81259.89800352  .32370893 -11155-4 +95700-3 0  9996
2 01620 087.2543 301.8607 0019675 236.8579 123.2874 16.43155965829048
0 MOLNIYA 1-2
1 01621U 65080  A 66285.46722560  .00000000 +00000-0 +00000-0 0  9998
2 01621 064.9304 096.1665 7384357 277.8477 011.6840 02.00962743007325
0 COSMOS 93
1 01629U 65084  A 66002.46734191  .01455370 +25155-2 +00000-0 0  9995
2 01629 048.3382 003.7954 0038143 112.5796 247.8406 16.33362995011972
0 OV2-1
1 01641U 65082C   26282.29757223  .00000180  00000-0  33727-4 0  9995
2 01641  32.2966 277.2881 0018387 136.9537 223.2550 14.54853070233923
0 PROTON 2
1 01701U 65087  A 66036.05712289  .03973590 +50213-1 +00000-0 0  9998
2 01701 063.4245 267.8538 0053790 063.9932 296.5819 16.35101996014950
0 COSMOS 95
1 01706U 65088  A 66017.91599570  .04744353 +34161-0 +00000-0 0  9991
2 01706 048.4377 023.8816 0043776 110.3807 250.1043 16.36009839011882
0 EXPLORER 29 (GEOS 1)
1 01726U 65089A   26282.04613080 -.00000055  00000-0  10984-3 0  9992
2 01726  59.3814 133.1504 0711239 295.7000 240.2129 11.97077650663290
0 VENERA 2
1 01730U 65091A   65316.31593551  .00087950 +19323-4 +00000-0 0  9996
2 01730 051.8844 133.0512 0082997 102.4729 258.4645 16.05105958000024
0 EXPLORER 30
1 01738U 65093A   26282.27548196 -.00000042  00000-0  32215-4 0  9998
2 01738  59.7068 216.7200 0135182 137.2239 223.9415 14.41874731172849
0 COSMOS 97
1 01777U 65095  A 67090.85675212  .03388355 +49974-2 +00000-0 0  9995
2 01777 048.3425 245.4971 0078294 211.9022 147.7099 16.16782479069068
0 A-1 (ASTERIX)
1 01778U 65096A   26282.28945034  .00000267  00000-0  68014-4 0  9992
2 01778  34.2609  42.2694 0739575 285.8965  66.1443 13.49933406980211
0 ALOUETTE 2
1 01804U 65098A   26281.78176905  .00000557  00000-0  17896-3 0  9994
2 01804  79.8010 180.0180 1331049   2.2430 358.3856 12.28453391693228
0 EXPLORER 31 (ISIS-X)
1 01806U 65098B   26282.27688208  .00000156  00000-0  56613-4 0  9991
2 01806  79.7787 255.6962 1422159 270.9806  72.9155 12.08429851662477
0 FR 1
1 01814U 65101A   26282.08914134  .00000500  00000-0  82689-4 0  9999
2 01814  75.8652 154.4228 0005538 180.6703 179.4473 14.71805908 72851
0 PIONEER 6
1 01841U 65105A   69062.24016186  .00026931 +00000-0 +00000-0 0  9993
2 01841 056.0255 139.7498 0005710 268.1781 091.8503 15.31706145201334
0 COSMOS 100
1 01843U 65106A   02046.68589120  .25347173  79088-5  12873-3 0  9998
2 01843 064.9049 169.0385 0008124 302.3837 241.1127 16.55303738975586
0 COSMOS 101
1 01846U 65107  A 66192.98200742  .01757259 +47679-1 +00000-0 0  9994
2 01846 048.7616 103.1960 0016097 013.9796 346.1324 16.36620599031982
0 OPS 1509 (TRANSIT 10)
1 01864U 65109A   26282.26897617  .00000100  00000-0  82377-4 0  9998
2 01864  89.0805 224.1482 0107707 227.9279 131.2689 13.79087453 51827
0 OPS 4639
1 01866U 65110  A 66017.36442999  .01994481 +12283-1 +00000-0 0  9993
2 01866 079.9854 082.1181 0090400 082.9200 278.1142 16.18319204003755
0 COSMOS 103
1 01868U 65112  A 90002.00008690  .12781042 +53600-4 +43498-3 0  9996
2 01868 056.0258 191.5649 0003773 264.6470 095.8689 16.44483006319841
0 LES 4
1 01870U 65108  B 73365.72780178  .00000000 +00000-0 +00000-0 0  9990
2 01870 026.4304 164.3556 6014364 063.2935 345.2162 04.09599566000005
0 OPS 7253
1 01939U 66002  A 66024.37240950  .01122713 +15498-1 +00000-0 0  9999
2 01939 093.8762 120.3742 0091885 132.0193 228.8164 16.28093462000741
0 OPS 3179 (AGENA)
1 01940U 66002  B 66021.23096125  .02200266 +59119-1 +00000-0 0  9995
2 01940 093.8874 118.4848 0070832 140.2247 220.3604 16.27795881000235
0 LES 3
1 01941U 65108  D 68057.38845778  .02356611 +00000-0 +00000-0 0  9995
2 01941 026.3597 149.1263 1761668 327.4483 022.8458 12.22748470018028
0 COSMOS 106
1 01949U 66004  A 66317.98894130  .11136518 +1940301 +00000-0 0  9997
2 01949 048.3687 114.4590 0000000 111.1933 248.8066 16.36987233045926
0 OPS 1593 (TRANSIT 11)
1 01952U 66005A   26282.14861650  .00000094  00000-0  83504-4 0  9992
2 01952  90.1517 353.5754 0218188  39.5786 322.1078 13.68165427 21706
0 OPS 7291
1 01968U 66007  A 66053.13340272  .01737299 +80659-2 +00000-0 0  9993
2 01968 075.0276 124.0925 0096232 094.7572 266.3483 16.09713205003078
0 ESSA 1 (OT-3)
1 01982U 66008A   26281.98077666  .00000130  00000-0  43904-4 0  9996
2 01982  97.8043 305.3327 0081009 111.8055 249.1784 14.48375823174412
0 OPS 1439
1 01997U 66009  A 69268.31757890  .02419627 +00000-0 +00000-0 0  9999
2 01997 082.0636 155.8644 0000010 204.1354 155.9882 16.27392762203273
0 COSMOS 107
1 01998U 66010  A 66045.09036183  .00103214 +27332-4 +00000-0 0  9993
2 01998 064.9651 292.2262 0077703 021.7769 338.6362 16.06977663000609
0 COSMOS 108
1 02002U 66011  A 66324.90334805  .10169372 +1670201 +00000-0 0  9996
2 02002 048.8229 321.0374 0035523 327.9317 031.9271 16.38612295043686
0 OPS 1184
1 02012U 66012  A 66048.98896181  .02317963 +65886-1 +00000-0 0  9999
2 02012 096.3485 150.5734 0076547 135.0399 225.6370 16.27968804000350
0 DIAPASON (D1-A)
1 02016U 66013A   26282.25375743  .00001468  00000-0  42492-3 0  9994
2 02016  34.0865 201.9038 1155618  25.5402 339.8006 12.66758572754919
0 COSMOS 109
1 02019U 66014  A 66053.65459460  .00096176 +25006-4 +00000-0 0  9994
2 02019 064.9323 305.1851 0063247 053.9018 306.7171 16.10461350000532
0 COSMOS 110
1 02070U 66015  A 66054.49444461  .00059210 +42240-5 +00000-0 0  9998
2 02070 051.8511 102.6597 0496876 070.4691 294.8386 15.10110871000105
0 ESSA 2 (OT-2)
1 02091U 66016A   26282.24110171 -.00000040  00000-0  19932-4 0  9991
2 02091 101.2207 188.5780 0039160  25.3728 141.3262 12.69432850808094
0 AGENA TARGET
1 02104U 66019  A 67257.33667626  .02505956 +00000-0 +00000-0 0  9997
2 02104 028.8745 270.5653 0004982 142.4713 217.6204 16.30278130085901
0 OPS 1117 (TRANSIT 12)
1 02119U 66024A   26281.46851284  .00000123  00000-0  10647-3 0  9995
2 02119  89.5971  83.6938 0148028  64.6788 296.9626 13.75438622 30726
0 OV1-4
1 02121U 66025A   26281.73469640  .00000374  00000-0  84964-4 0  9992
2 02121 144.5033 214.5031 0082629  96.2071 264.8028 13.87336892 66918
0 OV1-5
1 02122U 66025B   26282.24389951  .00000292  00000-0  40827-4 0  9995
2 02122 144.6337 135.9122 0047464 342.9045  17.0035 13.66180297 20676
0 OPS 0340
1 02125U 66026A   26281.91907379  .00000514  00000-0  10045-3 0  9997
2 02125  98.0440  86.9165 0144897 247.5700 111.0099 14.60883438176156
0 OAO 1
1 02142U 66031A   26282.10789944  .00000008  00000-0  94952-5 0  9999
2 02142  35.0458  67.4616 0006138 111.6944 248.4398 14.34711993167453
0 COSMOS 115
1 02147U 66033  A 66116.26415544  .00237969 +16526-3 +00000-0 0  9992
2 02147 065.0283 022.6740 0075298 355.8072 004.2352 16.15148759000948
0 OPS 1527 (OV3-1)
1 02150U 66034A   26282.23124070  .00010806  00000-0  55280-3 0  9994
2 02150  82.3633  99.1564 1379876 119.1858 255.4350 12.64882777416280
0 MOLNIYA 1-3
1 02151U 66035  A 73159.92092321  .55340090 +00000-0 +00000-0 0  9998
2 02151 064.3884 008.1681 2347688 237.1232 098.1975 10.74056138053323
0 COSMOS 116
1 02152U 66036  A 66335.14430081  .00000000 +00000-0 +00000-0 0  9995
2 02152 048.3108 190.1956 0004096 149.7649 210.3029 16.30119579034574
0 COSMOS 117
1 02163U 66037  A 66130.30623250  .00130192 +44951-4 +00000-0 0  9994
2 02163 064.9540 050.3505 0068153 020.4585 339.8991 16.09208544000626
0 COSMOS 118
1 02168U 66038  A 88328.22692576  .00376981 +38192-4 +38576-3 0  9991
2 02168 064.9460 011.0526 0007600 205.9388 154.2724 16.57501826240788
0 OPS 6785
1 02172U 66039  B 70299.62298525  .04451522 +00000-0 +00000-0 0  9995
2 02172 109.9418 157.5556 0000540 312.1879 047.9246 16.27815978248415
0 NIMBUS 2
1 02173U 66040A   26281.59305968  .00000001  00000-0  97568-4 0  9993
2 02173 100.5100 142.9753 0055760  31.9254  22.9390 13.33724471938741
0 OPS 0082 (TRANSIT 13)
1 02176U 66041A   26282.17867402  .00000316  00000-0  18813-3 0  9992
2 02176  90.2249  86.0584 0064359 107.3297 253.4938 14.04380004 83437
0 OPS 1778
1 02181U 66042  A 66157.07368824  .04527095 +23396-0 +00000-0 0  9998
2 02181 066.0230 302.0002 0057897 102.3796 258.2801 16.25219009002117
0 COSMOS 119
1 02182U 66043  A 66333.20157775  .06040675 +41461-0 +00000-0 0  9991
2 02182 048.3400 070.6771 0082813 224.9062 134.4689 16.24619424028317
0 EXPLORER 32 (AE-B)
1 02183U 66044  A 85052.86790142  .05259478 +38488-4 +10495-3 0  9998
2 02183 064.4938 055.8509 0016435 225.6427 134.3614 16.45607675926117
0 ATDA
1 02186U 66046  A 66190.73577381  .03584879 +14660-0 +00000-0 0  9993
2 02186 028.8540 028.6213 0005897 351.5976 008.4445 16.24725746006121
0 GEMINI 9
1 02191U 66047  A 66157.24841648  .05311884 +65955-1 +00000-0 0  9999
2 02191 028.8600 282.6060 0001979 150.6852 209.3433 16.00325007000420
0 OPS 1856
1 02194U 66048  B 66158.91353723  .02290457 +70543-1 +00000-0 0  9998
2 02194 086.9876 243.5226 0061999 114.5426 246.1280 16.31699399000675
0 OGO 3
1 02195U 66049  A 71104.91666666  .00000000 +00000-0 +00000-0 0  9991
2 02195 076.3199 046.8108 6608399 002.1519 121.6881 00.49459428008954
0 COSMOS 120
1 02196U 66050  A 66162.18030183  .00144683 +57358-4 +00000-0 0  9998
2 02196 051.7923 057.3839 0063915 035.7058 324.7751 16.11320283000448
0 OPS 1960
1 02200U 66051  A 66335.98651383  .14003598 +39944-0 +00000-0 0  9997
2 02200 089.8919 261.7670 0241600 042.1978 319.6971 15.88324312022741
0 OPS 1427 (OV3-4)
1 02201U 66052A   26282.28849005 -.00000128  00000-0 -10706-3 0  9990
2 02201  40.8949 358.2376 2233396  60.1859 320.2225 10.10120491208850
0 ERS 16
1 02202U 66051  C 67070.11852338  .00000000 +00000-0 +00000-0 0  9995
2 02202 089.8556 261.4494 0215839 123.7921 166.2570 16.07139135035485
0 SECOR 6 (EGRS 6)
1 02205U 66051  B 67185.65189595  .05082192 +00000-0 +00000-0 0  9999
2 02205 089.8851 261.8213 0177105 152.0755 209.0057 16.02147626050552
0 OPS 9381 (GGTS)
1 02207U 66053A   26264.19717604 -.00000075  00000-0  00000-0 0  9999
2 02207   8.8211  42.4906 0028401 236.0979 117.4179  1.08009996236990
0 COSMOS 121
1 02210U 66054  A 66174.25301642  .00091330 +20480-4 +00000-0 0  9997
2 02210 072.8474 060.3249 0090386 046.9774 313.8245 16.03854811000931
0 OPS 9311 (IDSCS 1)
1 02215U 66053B   26281.78767730 -.00000124  00000-0  00000-0 0  9992
2 02215   8.8763  42.5379 0031378 226.4817 133.2821  1.07909541135595
0 OPS 9312 (IDSCS 2)
1 02216U 66053C   26275.74417197 -.00000079  00000-0  00000-0 0  9990
2 02216   8.8527  42.7839 0033535 220.3761 342.0955  1.07849762 50429
0 OPS 9313 (IDSCS 3)
1 02217U 66053D   26278.17266240 -.00000084  00000-0  00000-0 0  9998
2 02217   8.8384  43.0735 0037379 212.9135 146.8959  1.07753679140708
0 OPS 9314 (IDSCS 4)
1 02218U 66053E   26279.32604044 -.00000121  00000-0  00000-0 0  9997
2 02218   8.7722  43.6736 0045508 202.2383 115.9892  1.07584904236590
0 OPS 9315 (IDSCS 5)
1 02219U 66053F   26281.33776547 -.00000129  00000-0  00000-0 0  9998
2 02219   8.7700  44.1810 0054462 193.9787 165.9050  1.07399136 57749
0 OPS 9316 (IDSCS 6)
1 02220U 66053G   26243.87662262 -.00000097  00000-0  00000-0 0  9999
2 02220   8.6133  45.3813 0066905 184.2784   1.6623  1.07156890139865
0 OPS 9317 (IDSCS 7)
1 02221U 66053H   26281.83580872 -.00000141  00000-0  00000-0 0  9994
2 02221   8.6549  45.8567 0083086 178.8127 181.2423  1.06870223 52248
0 OPS 1599
1 02227U 66055  A 66193.63461743  .06857173 +59127-0 +00000-0 0  9995
2 02227 080.1018 268.7678 0040327 095.2884 265.1840 16.29049066003337
0 PAGEOS 1
1 02253U 66056A   16246.05827589  .00065831 -13952-5  10000-3 0  9991
2 02253  83.6060 214.4669 0284221 115.9557 335.6430 15.58975192 31012
0 COSMOS 122
1 02254U 66057  A 89317.46870047  .06353117 +31605-4 +70072-3 0  9995
2 02254 064.9349 202.4680 0008319 261.1773 098.9599 16.36720342284849
0 EXPLORER 33 (AIMP-D)
1  2258U 66058A   71132.50000000 +.00000700 +00000-0 +10000-3 0  9992
2  2258 024.1400 173.5399 2833030 119.2000 021.7899 00.03712071001423
0 APOLLO 3 (AS-203)
1 02289U 66059  A 66186.73481847  .03796193 +17429-0 +00000-0 0  9997
2 02289 031.9810 005.5870 0022272 006.1632 353.9219 16.27379993000023
0 PROTON 3
1 02290U 66060  A 66231.10048595  .00401073 +31575-3 +00000-0 0  9990
2 02290 063.4600 348.9296 0218581 058.3824 303.7597 15.84685390006841
0 COSMOS 123
1 02295U 66061  A 66343.88617159  .03039751 +13006-0 +00000-0 0  9992
2 02295 048.7637 188.4581 0019051 134.9066 225.2853 16.33422885024437
0 OPS 1850
1 02322U 66062  A 66200.92717425  .05128501 +30775-0 +00000-0 0  9994
2 02322 095.5047 262.3262 0100039 123.4752 237.5202 16.26003916001175
0 OV1-8
1 02324U 66063  A 78002.24043343  .03136704 +00000-0 +00000-0 0  9996
2 02324 144.1483 165.9911 0012766 066.5630 310.7503 15.55324638600410
0 COSMOS 124
1 02325U 66064  A 66201.63017095  .00140070 +54027-4 +00000-0 0  9994
2 02325 051.7761 065.2667 0056607 076.0657 284.5729 16.11633679001009
0 AGENA TARGET
1 02348U 66065  A 66360.26484636  .01923368 +40292-1 +00000-0 0  9990
2 02348 028.8589 344.0872 0004711 099.6727 260.3676 16.22553764025503
0 GEMINI 10
1 02349U 66066  A 66200.22534321  .00000000 +00000-0 +00000-0 0  9998
2 02349 028.8003 086.1306 0331300 136.6333 225.7787 15.12489774000051
0 COSMOS 125
1 02351U 66067  A 66212.16487432  .02013016 +54562-1 +00000-0 0  9994
2 02351 064.9907 068.0756 0027634 288.5017 071.1976 16.31729475001752
0 COSMOS 126
1 02368U 66068  A 66217.75220854  .00124270 +36262-4 +00000-0 0  9999
2 02368 051.7710 074.6823 0098784 082.4574 278.6683 16.00492978001331
0 OPS 3014
1 02376U 66069  A 66217.88925850  .00419011 +19057-2 +00000-0 0  9992
2 02376 094.1291 286.9542 0093601 132.3138 228.5336 16.22389749001160
0 OV3-3
1 02389U 66070A   26282.25392560  .00006223  00000-0  27854-3 0  9995
2 02389  81.3249 230.1456 1001202 221.0114 131.1447 13.47598894614324
0 COSMOS 127
1 02391U 66071  A 66227.95874784  .00165133 +80996-4 +00000-0 0  9995
2 02391 051.8229 099.1665 0044721 056.5984 303.8556 16.16166454001219
0 OPS 1545
1 02393U 66072  A 66233.43427966  .00319831 +31232-3 +00000-0 0  9998
2 02393 100.1044 340.7116 0060837 138.1929 222.3317 16.17711401001873
0 OPS 1832
1 02396U 66074  A 66234.21537447  .00654733 +12333-2 +00000-0 0  9999
2 02396 093.2332 302.9516 0141234 131.0464 230.2319 16.14311862000883
0 OPS 6810
1 02397U 66074  B 70063.43971502  .04567770 +00000-0 +00000-0 0  9997
2 02397 093.1145 136.1472 0000009 223.8527 136.2723 16.35129112198887
0 OPS 2366 (TRANSIT 14)
1 02401U 66076A   26282.14696649  .00000079  00000-0  98539-4 0  9991
2 02401  88.8497  52.4407 0031573 336.9575 196.4733 13.53974214966511
0 OPS 0856
1 02403U 66077A   26282.02483019  .00000000  00000-0 -59684-3 0  9998
2 02403  90.3270 277.7553 0005923 332.4106  27.6431  8.59841149536248
0 SECOR 7 (EGRS 7)
1 02411U 66077B   26280.97783108  .00000024  00000-0  10966-1 0  9994
2 02411  90.3231 278.7553 0009944 302.4207  57.5683  8.59615453887079
0 ERS 15
1 02412U 66077C   26281.97924683  .00000002  00000-0  00000-0 0  9994
2 02412  90.3251 278.5601 0006030 313.7344  46.3008  8.59079855400230
0 AGENA TARGET
1 02414U 66080  A 66362.65572440  .03945626 +19881-0 +00000-0 0  9999
2 02414 028.8232 311.8252 0000000 269.0748 090.9251 16.29238271017067
0 OPS 6026 (DMSP 4A F1)
1 02418U 66082A   26282.15171170  .00000113  00000-0  43213-4 0  9992
2 02418  98.3577  73.1706 0115981  39.8632 321.1006 14.43953164128730
0 OPS 6874
1 02420U 66083  B 68129.44758631  .07328149 +00000-0 +00000-0 0  9999
2 02420 093.9807 294.5349 0017122 334.1856 025.8467 16.37873746092639
0 ESSA 3 (TOS-A)
1 02435U 66087A   26282.23802270 -.00000035  00000-0  36532-4 0  9997
2 02435 101.0600 178.1006 0063913 169.9866 342.6104 12.56881169753332
0 OPS 1920
1 02481U 66089A   26282.22048259 -.00000022  00000-0 -11862-1 0  9991
2 02481  89.8627  30.7534 0032780 205.5703 154.3527  8.59256899882467
0 MOLNIYA 1-4
1 02501U 66092  A 68185.45052118  .00011612 +00000-0 +00000-0 0  9996
2 02501 064.9790 090.1137 7517633 271.1747 012.5604 02.02111603012509"""
from sgp4.api import Satrec, jday
from datetime import datetime
import math
import time
from multiprocessing import Pool

def parse_tle(tle_text):
    lines = [l.strip() for l in tle_text.strip().split("\n") if l.strip()]
    satellites = []
    i = 0
    while i < len(lines):
        if lines[i].startswith("0 "):
            name = lines[i][2:].strip()
            if i+2 < len(lines):
                satellites.append({"name": name, "line1": lines[i+1], "line2": lines[i+2]})
                i += 3
            else:
                break
        else:
            i += 1
    return satellites

satellites = parse_tle(tle_data)
print(f"Total satellites loaded: {len(satellites)}")

sats = []
for sat in satellites:
    try:
        s = Satrec.twoline2rv(sat["line1"], sat["line2"])
        sats.append({"name": sat["name"], "obj": s})
    except:
        pass

print(f"Initialized: {len(sats)} satellites")

now = datetime.utcnow()
jd, fr = jday(now.year, now.month, now.day, now.hour, now.minute, now.second)

positions = {}
for s in sats:
    error, pos, vel = s["obj"].sgp4(jd, fr)
    if error == 0:
        positions[s["name"]] = {"pos": pos, "vel": vel}

names = list(positions.keys())
filtered_pairs = []
SPATIAL_THRESHOLD = 500

for i in range(len(names)):
    for j in range(i+1, len(names)):
        p1 = positions[names[i]]["pos"]
        p2 = positions[names[j]]["pos"]
        dist = math.sqrt(sum((p2[k] - p1[k])**2 for k in range(3)))
        if dist < SPATIAL_THRESHOLD:
            filtered_pairs.append((names[i], names[j]))

print(f"\n[STAGE 1] Filtered pairs (within {SPATIAL_THRESHOLD} km): {len(filtered_pairs)}")

def process_pair(pair):
    n1, n2 = pair
    p1, v1 = positions[n1]["pos"], positions[n1]["vel"]
    p2, v2 = positions[n2]["pos"], positions[n2]["vel"]
    r = [p2[k] - p1[k] for k in range(3)]
    v = [v2[k] - v1[k] for k in range(3)]
    v_sq = sum(x**2 for x in v)
    if v_sq == 0:
        return None
    r_dot_v = sum(r[k] * v[k] for k in range(3))
    tca = -r_dot_v / v_sq
    if tca < 0:
        return None
    future_r = [r[k] + v[k] * tca for k in range(3)]
    dca = math.sqrt(sum(x**2 for x in future_r))
    if dca < 50:
        return (n1, n2, tca, dca)
    return None

start = time.time()
with Pool() as pool:
    results = pool.map(process_pair, filtered_pairs)
close_approaches = [r for r in results if r is not None]
elapsed = time.time() - start

print(f"[STAGE 2] Close approaches (DCA < 50 km): {len(close_approaches)}")
print(f"Computation time: {elapsed:.2f} seconds")

if close_approaches:
    close_approaches.sort(key=lambda x: x[3])
    for ca in close_approaches[:10]:
        print(f"  {ca[0]} <-> {ca[1]}: TCA={ca[2]:.2f}s, DCA={ca[3]:.2f} km")
        # ============================================
# Pc CALCULATION WITH MONTE CARLO UNCERTAINTY
# Based on NASA CARA papers (Bollenbacher & Hejduk)
# ============================================

import numpy as np
import math

def calculate_pc(miss_distance_km, sigma_T_km, nu_eqv_km, A_star_m2):
    sigma_T_m = sigma_T_km * 1000
    nu_eqv_m = nu_eqv_km * 1000
    H_m = miss_distance_km * 1000
    Pc = (A_star_m2 / (2 * math.pi)) * (1 / (sigma_T_m * nu_eqv_m)) * math.exp(-0.5 * (H_m**2) / (nu_eqv_m**2))
    return Pc

def monte_carlo_pc(miss_distance_km, sigma_T_km, nu_eqv_km, A_star_m2, n_samples=5000):
    Pc_values = []
    for _ in range(n_samples):
        scale = np.random.uniform(0.2, 5.0)
        Pc = calculate_pc(miss_distance_km, sigma_T_km * scale, nu_eqv_km * scale, A_star_m2)
        Pc_values.append(Pc)
    Pc_values = np.array(Pc_values)
    return {
        "median": np.median(Pc_values),
        "5th_percentile": np.percentile(Pc_values, 5),
        "95th_percentile": np.percentile(Pc_values, 95),
        "mean": np.mean(Pc_values),
        "std": np.std(Pc_values)
    }

# Har close approach ke liye Pc calculate karo
print("\n" + "=" * 70)
print("Pc ANALYSIS WITH MONTE CARLO UNCERTAINTY")
print("=" * 70)

if close_approaches:
    for ca in close_approaches[:5]:  # Top 5 close approaches
        name1, name2, tca, dca = ca
        
        # Assumed covariance (Space-Track TLE me covariance nahi hoti)
        sigma_T_km = 1.0
        nu_eqv_km = 1.0
        A_star_m2 = 10.0
        
        result = monte_carlo_pc(dca, sigma_T_km, nu_eqv_km, A_star_m2, n_samples=5000)
        
        print(f"\n{name1} <-> {name2}")
        print(f"  Miss Distance: {dca:.2f} km")
        print(f"  Median Pc: {result['median']:.2e}")
        print(f"  5th percentile: {result['5th_percentile']:.2e}")
        print(f"  95th percentile: {result['95th_percentile']:.2e}")
        
        # NASA CARA red threshold check
        if result['95th_percentile'] > 1e-4:
            print(f"  🚨 RED EVENT: Pc exceeds 1e-4 threshold")
        elif result['95th_percentile'] > 1e-7:
            print(f"  ⚠️  YELLOW EVENT: Monitor closely")
        else:
            print(f"  ✅ GREEN: Safe")
